0 0.590625 0.4296875 0.4609375 0.2859375
0 0.26171875 0.52265625 0.4609375 0.296875
0 0.79140625 0.45546875 0.4171875 0.2828125
0 0.9078125 0.57421875 0.184375 0.2578125
0 0.684375 0.64609375 0.5015625 0.2453125
0 0.29453125 0.734375 0.421875 0.290625
0 0.37578125 0.08359375 0.3984375 0.1671875
0 0.22421875 0.83515625 0.3671875 0.3140625
0 0.8890625 0.740625 0.221875 0.18125
0 0.64453125 0.79765625 0.3390625 0.190625
0 0.31953125 0.90859375 0.4703125 0.1828125
0 0.7140625 0.8625 0.3859375 0.178125
0 0.734375 0.0640625 0.35625 0.128125
0 0.09140625 0.18046875 0.1828125 0.2328125
0 0.15625 0.22265625 0.3125 0.2640625
0 0.2828125 0.253125 0.45625 0.346875
0 0.79375 0.19609375 0.3625 0.3921875
0 0.5578125 0.246875 0.421875 0.303125
0 0.14453125 0.39375 0.2890625 0.3