0 0.315625 0.7171875 0.309375 0.4765625
0 0.7265625 0.7546875 0.315625 0.490625
0 0.4953125 0.8671875 0.3 0.265625
0 0.44375 0.07421875 0.190625 0.1484375
0 0.1671875 0.0765625 0.2 0.153125
0 0.88359375 0.18515625 0.2328125 0.3171875
0 0.575 0.16484375 0.228125 0.3296875
0 0.2734375 0.15859375 0.228125 0.3171875
0 0.1046875 0.221875 0.1890625 0.3015625
0 0.9640625 0.296875 0.071875 0.2375
0 0.721875 0.3453125 0.26875 0.4078125
0 0.3953125 0.325 0.25625 0.415625
0 0.1703125 0.45078125 0.284375 0.3828125
0 0.87734375 0.52890625 0.2453125 0.4203125
0 0.540625 0.55078125 0.29375 0.4984375