0 0.3296875 0.75703125 0.2859375 0.4375
0 0.70625 0.73515625 0.29375 0.478125
0 0.51953125 0.86875 0.2765625 0.2625
0 0.328125 0.11796875 0.1828125 0.2203125
0 0.0875 0.1578125 0.175 0.246875
0 0.74375 0.1828125 0.215625 0.2921875
0 0.46796875 0.2140625 0.2125 0.321875
0 0.19296875 0.2484375 0.2140625 0.3328125
0 0.071875 0.34921875 0.14375 0.2765625
0 0.89453125 0.2625 0.1875 0.228125
0 0.62734375 0.35390625 0.2484375 0.375
0 0.33203125 0.39296875 0.2375 0.38125
0 0.15390625 0.54375 0.2625 0.3515625
0 0.8234375 0.49296875 0.2734375 0.3875
0 0.50078125 0.56875 0.2734375 0.45625