0 0.50390625 0.8265625 0.12265625 0.346875
0 0.9015625 0.8265625 0.12421875 0.346875
0 0.1125 0.8265625 0.12265625 0.346875
0 0.76484375 0.825 0.12265625 0.35
0 0.36953125 0.828125 0.12578125 0.34375
0 0.2390625 0.828125 0.12265625 0.34375
0 0.6375 0.83125 0.121875 0.33671875
0 0.36875 0.1515625 0.1265625 0.303125
0 0.63359375 0.1515625 0.12265625 0.30234375
0 0.49921875 0.15 0.1234375 0.3
0 0.2328125 0.15 0.125 0.3
0 0.76875 0.15390625 0.1203125 0.3078125
0 0.425 0.484375 0.125 0.38359375
0 0.15703125 0.484375 0.13046875 0.38359375
0 0.28671875 0.48515625 0.125 0.38515625
0 0.69140625 0.4875 0.12578125 0.37734375
0 0.56015625 0.48984375 0.128125 0.3890625
0 0.8234375 0.49140625 0.1234375 0.3890625