0 0.8453125 0.50859375 0.2359375 0.3734375
0 0.709375 0.484375 0.2328125 0.3734375
0 0.2609375 0.725 0.2453125 0.4484375
0 0.68671875 0.8015625 0.2609375 0.396875
0 0.10390625 0.71015625 0.2078125 0.4640625
0 0.39453125 0.77109375 0.2109375 0.446875
0 0.84296875 0.81875 0.2671875 0.3625
0 0.53125 0.7984375 0.240625 0.3484375
0 0.60078125 0.13671875 0.1796875 0.2703125
0 0.2046875 0.1125 0.196875 0.225
0 0.46796875 0.13984375 0.1796875 0.2796875
0 0.33984375 0.128125 0.1765625 0.25625
0 0.7265625 0.20703125 0.20625 0.321875
0 0.86171875 0.2328125 0.2125 0.3109375
0 0.42890625 0.4109375 0.2125 0.3578125
0 0.13515625 0.3609375 0.225 0.3796875
0 0.28046875 0.39296875 0.215625 0.3734375
0 0.57734375 0.44765625 0.2546875 0.4796875