0 0.775 0.5015625 0.2578125 0.253125
0 0.41171875 0.5453125 0.2234375 0.215625
0 0.1875 0.5765625 0.221875 0.2203125
0 0.63203125 0.61328125 0.2390625 0.259375
0 0.86640625 0.67421875 0.2625 0.26875
0 0.0421875 0.63515625 0.084375 0.2484375
0 0.3296875 0.7125 0.225 0.2421875
0 0.53046875 0.73671875 0.2671875 0.275
0 0.42421875 0.2765625 0.246875 0.2390625
0 0.66171875 0.31640625 0.2578125 0.2359375
0 0.28828125 0.41796875 0.240625 0.234375
0 0.53203125 0.4375 0.2375 0.2484375
0 0.09375 0.4515625 0.1875 0.259375