0 0.15859375 0.4484375 0.17890625 0.3484375
0 0.296875 0.4484375 0.17421875 0.3484375
0 0.69609375 0.76328125 0.17421875 0.42421875
0 0.2609375 0.77421875 0.19609375 0.38828125
0 0.86796875 0.77890625 0.16484375 0.4421875
0 0.55703125 0.78515625 0.1390625 0.4296875
0 0.10078125 0.78828125 0.20078125 0.4015625
0 0.4171875 0.78828125 0.1875 0.32109375
0 0.4640625 0.125 0.13828125 0.25
0 0.86328125 0.1359375 0.1515625 0.271875
0 0.59609375 0.140625 0.13359375 0.28125
0 0.72578125 0.140625 0.1296875 0.28125
0 0.328125 0.171875 0.15625 0.29921875
0 0.18984375 0.17421875 0.16484375 0.2859375
0 0.58515625 0.42421875 0.15625 0.33515625
0 0.88359375 0.4265625 0.16484375 0.35703125
0 0.734375 0.4328125 0.15625 0.35234375
0 0.4328125 0.43515625 0.17890625 0.45546875