0 0.63671875 0.67578125 0.22109375 0.49921875
0 0.09296875 0.67578125 0.18515625 0.4859375
0 0.3484375 0.72890625 0.34375 0.31953125
0 0.88203125 0.771875 0.2359375 0.3375
0 0.80234375 0.78359375 0.17265625 0.290625
0 0.7984375 0.115625 0.17578125 0.19296875
0 0.27265625 0.1359375 0.3703125 0.13671875
0 0.09609375 0.29296875 0.1421875 0.19765625
0 0.6015625 0.3 0.24765625 0.20234375
0 0.94609375 0.31328125 0.0875 0.2203125
0 0.296875 0.37890625 0.36015625 0.47734375
0 0.834375 0.3890625 0.2875 0.4703125