0 0.50390625 0.84453125 0.134375 0.3109375
0 0.934375 0.84453125 0.13125 0.3109375
0 0.07421875 0.84453125 0.134375 0.3109375
0 0.7890625 0.84453125 0.134375 0.3109375
0 0.35703125 0.84765625 0.1375 0.303125
0 0.21484375 0.84765625 0.134375 0.303125
0 0.646875 0.85078125 0.134375 0.2984375
0 0.35390625 0.15234375 0.1375 0.303125
0 0.64453125 0.15234375 0.134375 0.303125
0 0.5 0.15234375 0.134375 0.303125
0 0.209375 0.15234375 0.1375 0.303125
0 0.7921875 0.15546875 0.134375 0.3109375
0 0.41875 0.50625 0.1375 0.421875
0 0.12578125 0.50625 0.1421875 0.421875
0 0.2671875 0.5078125 0.1375 0.425
0 0.70859375 0.51015625 0.1375 0.415625
0 0.565625 0.5125 0.140625 0.428125
0 0.853125 0.5140625 0.134375 0.428125