0 0.80703125 0.5765625 0.29140625 0.44375
0 0.50703125 0.61640625 0.31328125 0.45078125
0 0.1984375 0.725 0.30078125 0.55
0 0.72265625 0.80625 0.3328125 0.3875
0 0.39609375 0.82734375 0.3203125 0.3453125
0 0.1125 0.85703125 0.225 0.2734375
0 0.271875 0.11171875 0.240625 0.2234375
0 0.065625 0.13125 0.13125 0.2625
0 0.90234375 0.15703125 0.1953125 0.3140625
0 0.6796875 0.16875 0.2609375 0.33671875
0 0.41796875 0.20390625 0.25 0.34296875
0 0.16328125 0.2578125 0.25859375 0.40078125
0 0.8640625 0.33046875 0.26484375 0.36484375
0 0.60546875 0.3703125 0.296875 0.3921875
0 0.3203125 0.43984375 0.2703125 0.4328125
0 0.09140625 0.45390625 0.18203125 0.396875