0 0.65390625 0.57109375 0.290625 0.3375
0 0.3 0.61328125 0.315625 0.2359375
0 0.5296875 0.02265625 0.253125 0.0453125
0 0.7984375 0.68515625 0.3125 0.4046875
0 0.134375 0.04296875 0.26875 0.0703125
0 0.91171875 0.753125 0.1765625 0.44375
0 0.41796875 0.80390625 0.321875 0.25
0 0.65703125 0.86171875 0.2046875 0.271875
0 0.1546875 0.87734375 0.29375 0.2453125
0 0.42109375 0.9515625 0.3109375 0.096875
0 0.73359375 0.115625 0.3828125 0.23125
0 0.38359375 0.12734375 0.2140625 0.253125
0 0.24140625 0.12265625 0.18125 0.234375
0 0.10703125 0.18359375 0.2140625 0.2859375
0 0.896875 0.16484375 0.1921875 0.3140625
0 0.7921875 0.34453125 0.3296875 0.33125
0 0.290625 0.37421875 0.3203125 0.24375
0 0.5359375 0.4171875 0.225 0.4171875
0 0.11484375 0.46640625 0.2296875 0.4203125
0 0.93828125 0.44140625 0.1234375 0.2640625