0 0.20546875 0.46015625 0.3484375 0.309375
0 0.5125 0.5234375 0.35 0.3234375
0 0.8078125 0.6234375 0.3609375 0.3203125
0 0.040625 0.5125 0.08125 0.2375
0 0.4734375 0.73125 0.334375 0.2953125
0 0.76875 0.8140625 0.3453125 0.30625
0 0.1546875 0.728125 0.309375 0.3625
0 0.08203125 0.75390625 0.1640625 0.3546875
0 0.3671875 0.10546875 0.3265625 0.165625
0 0.66484375 0.18359375 0.359375 0.3265625
0 0.33671875 0.259375 0.346875 0.3171875
0 0.68515625 0.35390625 0.3546875 0.315625
0 0.103125 0.33046875 0.203125 0.2875