0 0.50703125 0.6625 0.10625 0.1640625
0 0.646875 0.68203125 0.175 0.3953125
0 0.24453125 0.72578125 0.1578125 0.434375
0 0.846875 0.70546875 0.1375 0.3703125
0 0.75703125 0.78515625 0.103125 0.2890625
0 0.55 0.8203125 0.1140625 0.228125
0 0.41640625 0.83359375 0.20625 0.2703125
0 0.66796875 0.88984375 0.1265625 0.18125
0 0.390625 0.2125 0.1375 0.2921875
0 0.31328125 0.3859375 0.13125 0.2609375
0 0.40234375 0.3859375 0.10625 0.1296875
0 0.54375 0.4625 0.2078125 0.4828125
0 0.73984375 0.45703125 0.2515625 0.4015625
0 0.4171875 0.5890625 0.1375 0.3078125
0 0.309375 0.596875 0.109375 0.2734375