0 0.8046875 0.40703125 0.2484375 0.24375
0 0.49140625 0.50703125 0.215625 0.2078125
0 0.29765625 0.57265625 0.2140625 0.2109375
0 0.696875 0.528125 0.23125 0.246875
0 0.89375 0.54296875 0.2125 0.2546875
0 0.115625 0.66015625 0.221875 0.24375
0 0.446875 0.66796875 0.21875 0.23125
0 0.62890625 0.6546875 0.259375 0.2640625
0 0.45625 0.26953125 0.2375 0.23125
0 0.67265625 0.2640625 0.2484375 0.2296875
0 0.36015625 0.41640625 0.2328125 0.2265625
0 0.5796875 0.39140625 0.23125 0.2390625
0 0.16328125 0.48515625 0.2484375 0.25