0 0.7921875 0.625 0.4125 0.5359375
0 0.46875 0.59453125 0.4375 0.55
0 0.16953125 0.625 0.3390625 0.6375
0 0.646875 0.8 0.4375 0.4
0 0.30234375 0.7828125 0.415625 0.4265625
0 0.07421875 0.75390625 0.1484375 0.3234375
0 0.3375 0.07734375 0.290625 0.1546875
0 0.14296875 0.065625 0.1328125 0.13125
0 0.92578125 0.234375 0.1484375 0.30625
0 0.746875 0.19453125 0.340625 0.35
0 0.46875 0.17265625 0.3375 0.3453125
0 0.203125 0.18515625 0.346875 0.3703125
0 0.8640625 0.37421875 0.271875 0.4390625
0 0.63046875 0.36015625 0.40625 0.4828125
0 0.31484375 0.36328125 0.3875 0.51875
0 0.1078125 0.325 0.215625 0.45