0 0.88671875 0.43671875 0.2203125 0.3921875
0 0.7359375 0.4265625 0.215625 0.390625
0 0.27890625 0.7375 0.2203125 0.4734375
0 0.75078125 0.78203125 0.2421875 0.4359375
0 0.09921875 0.73515625 0.1984375 0.4828125
0 0.43046875 0.7671875 0.1828125 0.465625
0 0.89609375 0.790625 0.1953125 0.41875
0 0.5796875 0.78515625 0.228125 0.3625
0 0.5796875 0.1015625 0.1625 0.203125
0 0.14453125 0.09921875 0.1796875 0.1984375
0 0.43515625 0.11328125 0.1609375 0.2265625
0 0.2921875 0.10859375 0.15625 0.2171875
0 0.721875 0.15078125 0.1875 0.2828125
0 0.871875 0.15859375 0.1984375 0.2796875
0 0.42578125 0.378125 0.19375 0.375
0 0.1015625 0.3578125 0.203125 0.4
0 0.2625 0.37578125 0.1953125 0.39375
0 0.58984375 0.4015625 0.228125 0.5078125