0 0.79921875 0.60859375 0.346875 0.490625
0 0.4859375 0.6171875 0.371875 0.5
0 0.16796875 0.6859375 0.3359375 0.5875
0 0.6859375 0.8078125 0.38125 0.384375
0 0.34921875 0.8140625 0.3640625 0.371875
0 0.09140625 0.81796875 0.1828125 0.2921875
0 0.2984375 0.09921875 0.26875 0.1984375
0 0.0953125 0.1046875 0.134375 0.209375
0 0.91171875 0.19453125 0.1765625 0.3203125
0 0.70703125 0.18125 0.303125 0.35
0 0.4375 0.1859375 0.29375 0.371875
0 0.171875 0.21484375 0.309375 0.4296875
0 0.8640625 0.35703125 0.271875 0.4015625
0 0.61328125 0.3734375 0.346875 0.4375
0 0.3125 0.4140625 0.325 0.4765625
0 0.09453125 0.40078125 0.1890625 0.4296875