0 0.19296875 0.47109375 0.21015625 0.2046875
0 0.50234375 0.52421875 0.18359375 0.175
0 0.69375 0.5609375 0.18125 0.178125
0 0.3109375 0.571875 0.19375 0.2109375
0 0.10703125 0.6125 0.2140625 0.21875
0 0.8921875 0.6171875 0.215625 0.209375
0 0.565625 0.66953125 0.18203125 0.196875
0 0.3921875 0.68203125 0.21796875 0.22421875
0 0.50390625 0.29453125 0.2015625 0.19375
0 0.29921875 0.31875 0.21171875 0.190625
0 0.6140625 0.42109375 0.19609375 0.190625
0 0.40390625 0.42734375 0.19375 0.20234375
0 0.809375 0.46015625 0.209375 0.2109375