0 0.56328125 0.63828125 0.1359375 0.1984375
0 0.4 0.65078125 0.2328125 0.46875
0 0.8609375 0.73359375 0.215625 0.5109375
0 0.16796875 0.6609375 0.1875 0.4375
0 0.265625 0.76171875 0.1421875 0.340625
0 0.50078125 0.81875 0.15 0.271875
0 0.6546875 0.840625 0.259375 0.31875
0 0.359375 0.88671875 0.159375 0.2140625
0 0.73359375 0.1578125 0.1765625 0.2796875
0 0.809375 0.334375 0.171875 0.309375
0 0.70703125 0.32734375 0.1328125 0.15625
0 0.5375 0.40390625 0.2765625 0.571875
0 0.31171875 0.38125 0.321875 0.48125
0 0.6734375 0.5609375 0.1828125 0.365625
0 0.796875 0.57890625 0.1484375 0.325