0 0.51015625 0.65 0.09453125 0.153125
0 0.64453125 0.6765625 0.15 0.3734375
0 0.25390625 0.6984375 0.13125 0.41171875
0 0.83515625 0.70859375 0.11484375 0.3515625
0 0.74375 0.78203125 0.08515625 0.27421875
0 0.54296875 0.8046875 0.1 0.2140625
0 0.4140625 0.8109375 0.18671875 0.25078125
0 0.65390625 0.878125 0.11328125 0.16953125
0 0.4203125 0.21171875 0.11796875 0.27578125
0 0.3375 0.375 0.1140625 0.2453125
0 0.4234375 0.37890625 0.09609375 0.11953125
0 0.5546875 0.46015625 0.1765625 0.45546875
0 0.74453125 0.4640625 0.2234375 0.375
0 0.4265625 0.575 0.11796875 0.29140625
0 0.3234375 0.57734375 0.09296875 0.26015625