0 0.88515625 0.48125 0.1953125 0.371875
0 0.7390625 0.478125 0.190625 0.371875
0 0.3140625 0.78671875 0.190625 0.4234375
0 0.77265625 0.8078125 0.2140625 0.384375
0 0.12890625 0.78828125 0.18125 0.4125
0 0.459375 0.80078125 0.153125 0.3984375
0 0.91328125 0.81171875 0.1671875 0.3765625
0 0.60703125 0.8296875 0.2046875 0.340625
0 0.5671875 0.1328125 0.15 0.265625
0 0.1453125 0.14140625 0.165625 0.2828125
0 0.428125 0.1484375 0.146875 0.296875
0 0.29140625 0.146875 0.1421875 0.29375
0 0.7109375 0.18515625 0.1703125 0.31875
0 0.85703125 0.18984375 0.1796875 0.3046875
0 0.434375 0.44765625 0.1703125 0.35625
0 0.11875 0.44375 0.18125 0.3796875
0 0.2765625 0.45390625 0.171875 0.375
0 0.5953125 0.46171875 0.196875 0.484375