0 0.259375 0.42890625 0.51875 0.3171875
0 0.64375 0.38125 0.521875 0.3296875
0 0.14765625 0.53203125 0.2953125 0.2828125
0 0.28203125 0.6890625 0.5234375 0.2625
0 0.7046875 0.61796875 0.478125 0.325
0 0.8046875 0.69140625 0.390625 0.3609375
0 0.13203125 0.878125 0.1625 0.1875
0 0.365625 0.8390625 0.384375 0.2109375
0 0.75 0.8453125 0.5 0.275
0 0.32265625 0.9203125 0.4390625 0.159375
0 0.7484375 0.028125 0.325 0.05625
0 0.64921875 0.07734375 0.3859375 0.1546875
0 0.5078125 0.14921875 0.509375 0.2984375
0 0.0703125 0.26875 0.140625 0.390625
0 0.225 0.2234375 0.45 0.3375
0 0.7546875 0.1796875 0.4234375 0.34375