0 0.7078125 0.490625 0.2875 0.2453125
0 0.42578125 0.50859375 0.2859375 0.2578125
0 0.15 0.56171875 0.296875 0.253125
0 0.89609375 0.5609375 0.1359375 0.2078125
0 0.434375 0.69921875 0.275 0.2328125
0 0.16171875 0.73515625 0.284375 0.240625
0 0.73828125 0.7390625 0.2828125 0.29375
0 0.86328125 0.78125 0.2734375 0.315625
0 0.6078125 0.1546875 0.284375 0.1125
0 0.33359375 0.18671875 0.2953125 0.2578125
0 0.615625 0.2953125 0.284375 0.2515625
0 0.29375 0.3359375 0.290625 0.25
0 0.84453125 0.38984375 0.209375 0.2453125