0 0.4515625 0.80234375 0.159375 0.3953125
0 0.040625 0.78125 0.08125 0.39375
0 0.8953125 0.8140625 0.159375 0.371875
0 0.15625 0.7875 0.159375 0.3953125
0 0.603125 0.809375 0.1625 0.38125
0 0.75 0.81328125 0.159375 0.3734375
0 0.30078125 0.80234375 0.1578125 0.38125
0 0.6421875 0.11484375 0.153125 0.2234375
0 0.3421875 0.1046875 0.15 0.209375
0 0.490625 0.10859375 0.15 0.2171875
0 0.7921875 0.12265625 0.153125 0.2234375
0 0.1890625 0.10390625 0.15 0.2078125
0 0.559375 0.4265625 0.1640625 0.440625
0 0.86171875 0.4421875 0.1703125 0.440625
0 0.71640625 0.43515625 0.1640625 0.4421875
0 0.25859375 0.4140625 0.1640625 0.4328125
0 0.40625 0.42421875 0.16875 0.446875
0 0.10859375 0.4109375 0.1625 0.446875