0 0.575 0.5765625 0.23125 0.271875
0 0.95234375 0.57734375 0.0953125 0.353125
0 0.28046875 0.60078125 0.25546875 0.1875
0 0.48984375 0.0671875 0.2109375 0.134375
0 0.6921875 0.675 0.24765625 0.328125
0 0.1375 0.0765625 0.275 0.153125
0 0.83984375 0.7390625 0.24453125 0.36484375
0 0.37265625 0.7625 0.26015625 0.19921875
0 0.57265625 0.85078125 0.16484375 0.2765625
0 0.1359375 0.859375 0.271875 0.28046875
0 0.37421875 0.92578125 0.25859375 0.1484375
0 0.78515625 0.95859375 0.2796875 0.0828125
0 0.65703125 0.146875 0.30859375 0.29375
0 0.36484375 0.153125 0.17109375 0.30625
0 0.24921875 0.165625 0.1453125 0.25234375
0 0.10859375 0.2390625 0.2171875 0.23125
0 0.840625 0.2484375 0.2546875 0.2546875
0 0.696875 0.3921875 0.2640625 0.26640625
0 0.28046875 0.40234375 0.259375 0.19296875
0 0.48203125 0.4453125 0.175 0.340625
0 0.1109375 0.47734375 0.221875 0.34609375
0 0.84921875 0.48203125 0.1625 0.215625