0 0.43515625 0.571875 0.2859375 0.3265625
0 0.0421875 0.603125 0.084375 0.39375
0 0.76640625 0.5703125 0.3046875 0.234375
0 0.484375 0.0390625 0.240625 0.078125
0 0.3140625 0.69375 0.309375 0.390625
0 0.84296875 0.03203125 0.2359375 0.0640625
0 0.1578125 0.77578125 0.3046875 0.4296875
0 0.6796875 0.759375 0.3109375 0.2484375
0 0.46640625 0.8546875 0.2078125 0.290625
0 0.89375 0.825 0.2125 0.29375
0 0.69375 0.92109375 0.296875 0.1515625
0 0.23671875 0.9765625 0.3171875 0.046875
0 0.30703125 0.1390625 0.3671875 0.2765625
0 0.63125 0.1265625 0.2125 0.253125
0 0.7625 0.1109375 0.18125 0.221875
0 0.8859375 0.1515625 0.1921875 0.271875
0 0.13046875 0.22734375 0.2609375 0.3109375
0 0.28046875 0.378125 0.3203125 0.3234375
0 0.746875 0.34921875 0.3078125 0.240625
0 0.52578125 0.41640625 0.228125 0.3984375
0 0.9015625 0.41328125 0.196875 0.3984375
0 0.11875 0.4921875 0.203125 0.2578125