0 0.15546875 0.5203125 0.246875 0.378125
0 0.290625 0.49140625 0.2421875 0.3765625
0 0.746875 0.71640625 0.259375 0.4515625
0 0.3234375 0.80390625 0.271875 0.3921875
0 0.8953125 0.69609375 0.209375 0.4671875
0 0.61484375 0.7671875 0.225 0.4484375
0 0.16953125 0.8234375 0.2796875 0.353125
0 0.47890625 0.79921875 0.25 0.353125
0 0.38671875 0.140625 0.1875 0.2734375
0 0.77890625 0.10859375 0.2046875 0.2171875
0 0.51953125 0.13984375 0.1890625 0.2796875
0 0.64609375 0.12578125 0.1859375 0.2515625
0 0.26328125 0.21484375 0.215625 0.325
0 0.12890625 0.24609375 0.2203125 0.3140625
0 0.5671875 0.4078125 0.221875 0.3609375
0 0.86015625 0.3484375 0.2359375 0.3828125
0 0.715625 0.3859375 0.2265625 0.3765625
0 0.42109375 0.45078125 0.2703125 0.4828125