2 0.6494550078125 0.24475807968750002 0.6454657609375001 0.271810271875 0.6579770765624999 0.27273803124999996 0.6768762015625 0.2952140984375 0.7893010109375 0.289239640625 0.7972471140625 0.2810069328125 0.8041709640624999 0.2627982484375 0.8087685703125 0.22608703437500002 0.8047668390625 0.21402770625 0.7952649218750001 0.2106765234375 0.69047455625 0.21437447656250003 0.6633600687500001 0.2406920671875 0.6494550078125 0.24475807968750002
2 0.700310621875 0.3313574015625 0.7018664375 0.3429412921875 0.721181934375 0.3436874515625 0.7351892296875 0.3652126421875 0.80779625 0.3725571359375 0.8135482609375 0.3669063328125 0.82156915625 0.34740669375 0.8270119859375 0.3063471875 0.8227285140625 0.29573728906249996 0.7596383734375001 0.2894905921875 0.7405447828125 0.2963085453125 0.726564928125 0.311641490625 0.7105405703125001 0.3070224734375 0.705885603125 0.3113823265625 0.700310621875 0.3313574015625
2 0.849112596875 0.5844067703125 0.8635786640625 0.6188068015625 0.8612649015624999 0.6394157953125 0.8639327218749999 0.6474553484375 0.875080209375 0.6488701015625 0.8832781359374999 0.643694734375 0.8870604375 0.60682504375 0.9000629171875 0.5747559609375 0.8945053703125 0.55111274375 0.9040546421875 0.5063388609375 0.905169121875 0.4614296171875 0.9030498250000001 0.4527445890625 0.8965273859374999 0.45147675468750004 0.8600007328125001 0.46092284843750003 0.8528100984375 0.47832758125 0.8478534812499999 0.5691200624999999 0.849112596875 0.5844067703125
2 0.6753255390625 0.6927725046875 0.689437546875 0.6985239921875 0.7006723109374999 0.7277833359375 0.726435453125 0.741064259375 0.81914335625 0.7538201640625 0.82793468125 0.7412391640625 0.8323826984375 0.7270618125 0.8358533421875001 0.696148321875 0.8329486578124999 0.68279804375 0.8226613515625001 0.674781609375 0.7341047671875 0.6515511703125 0.7153228359375 0.6524129203125 0.6942570578125 0.6693768921875 0.6855704453125 0.6661841875000001 0.6779060828125 0.6729674640625001 0.6753255390625 0.6927725046875
2 0.48682296718750007 0.4763799015625 0.46959437656249997 0.530190446875 0.47005314531250003 0.5430652890625 0.5652194453125 0.595408153125 0.576648671875 0.5953734765625 0.59577218125 0.58404875 0.6058076640625 0.5890078421875 0.6144070015625 0.564355953125 0.610375353125 0.5568034 0.6030376093750001 0.5553770874999999 0.595597628125 0.5283595703125 0.5893868484375 0.5211355328125 0.512616028125 0.48515405312500004 0.49963098125 0.473604840625 0.48682296718750007 0.4763799015625
2 0.5518279359375 0.44012921875 0.599200425 0.5185305109375 0.62883314375 0.5227863328125 0.6342136625 0.532105278125 0.6412995828125 0.5304742499999999 0.650135784375 0.5111330890625 0.6420425703125 0.5005347515625 0.6406213828125 0.4686703859375 0.6363678296875 0.45355371875 0.5824130656250001 0.3828981375 0.5668200375 0.354295828125 0.5573181171875 0.35094464531249997 0.5534784578124999 0.355462978125 0.53088430625 0.39770119375 0.52968255 0.41476584843750003 0.5518279359375 0.44012921875
2 0.68477 0.41783626875 0.7046190593749999 0.42019033749999996 0.7088576546875001 0.43756039375 0.713734525 0.44076465468750003 0.78903928125 0.4516419265625 0.79479129375 0.4459911234375 0.8028121890625 0.42649148593749997 0.8073798796875 0.39428704375 0.804193453125 0.3823861953125 0.7362414 0.37068185 0.72206955625 0.37394390781250003 0.7102538765624999 0.39120171875 0.7078378796875 0.38621950781250003 0.690419775 0.3865942609375 0.68477 0.41783626875
2 0.3499888375 0.38811000625 0.3485502171875 0.39986393593749997 0.3514848203125 0.40870744062500003 0.44109357187500003 0.43740708906250003 0.4552205390625 0.440905190625 0.479829275 0.42312570625 0.4909618046875 0.426793846875 0.4979604484375 0.397318228125 0.48844357031249996 0.39622043281249997 0.4763935015625 0.366802609375 0.4576714046875 0.3586508140625 0.367202471875 0.3365528484375 0.35950819218749996 0.347842896875 0.3499888375 0.38811000625
2 0.27992006406250003 0.5722917828125 0.2958845875 0.58592434375 0.315733646875 0.5882784125 0.32487903125 0.6043459578125 0.33171313125 0.5996575875000001 0.3411128125 0.577417565625 0.3286762921875 0.5652228781249999 0.327210228125 0.540118671875 0.317309375 0.514879103125 0.262287484375 0.4410077015625 0.25629860781249997 0.4413477765625 0.24039144375000002 0.4600665796875 0.23647698906249998 0.47585184218750004 0.2287677515625 0.48939527656250004 0.2357190421875 0.508044725 0.27992006406250003 0.5722917828125
2 0.15049352031250002 0.556911084375 0.16264830156250001 0.570555203125 0.168679578125 0.604819875 0.21756548125 0.660200309375 0.2281794046875 0.660007153125 0.2441164875 0.6367815796875 0.2549547921875 0.60278763125 0.25230193125 0.5924946921875 0.2034010671875 0.5393676453125 0.179979128125 0.5423358625 0.16511165156250002 0.52741235 0.15635024375 0.5354865765625 0.15049352031250002 0.556911084375
2 0 0.481541490625 0.0181074109375 0.45446383749999997 0.024749520312500002 0.4377045828125 0.029598950000000002 0.404050709375 0.03812349375 0.3906657546875 0.0349370671875 0.3787649078125 0.0243680203125 0.372197903125 0.0163770421875 0.38719077031250004 0.012176496875 0.38921283125 0 0.451855475 0 0.481541490625
2 0.0803173578125 0.3063593625 0.10139809375 0.2871420046875 0.1059358640625 0.25944433437500003 0.09757834374999999 0.2066771359375 0.08057908593749999 0.1439570765625 0.075183609375 0.13689151718749998 0.063769340625 0.1346728078125 0.0624354296875 0.13065303281250001 0.04122034375 0.239795190625 0.049811973437500004 0.2695937 0.062128825 0.29981547656249996 0.0688881296875 0.3063940390625 0.0803173578125 0.3063593625
2 0.2460136765625 0.146030384375 0.2584950765625 0.1514649140625 0.267937159375 0.163829640625 0.352000846875 0.207997590625 0.36233303125 0.20925386562499998 0.37090245 0.1891087515625 0.37766423125 0.15432240625 0.3695859734375 0.1414706828125 0.27453686875 0.1124656375 0.25086310625 0.1123765125 0.24511109531250003 0.11802731562499999 0.24116672343749998 0.13831935 0.2460136765625 0.146030384375
2 0.07730796250000001 0.30878278593749997 0.10139809375 0.2871420046875 0.1059358640625 0.25944433437500003 0.09757834374999999 0.2066771359375 0.08057908593749999 0.1439570765625 0.075183609375 0.13689151718749998 0.063769340625 0.1346728078125 0.0623884734375 0.130894603125 0.0419528703125 0.23602666874999997 0.0458252015625 0.2552809859375 0.05971282812499999 0.294833265625 0.0688881296875 0.3063940390625 0.07730796250000001 0.30878278593749997
2 0.320311140625 0.14467829062499998 0.314067965625 0.18332593125000002 0.327586575 0.1964830546875 0.35444676249999996 0.20847302812500002 0.366172690625 0.204735534375 0.37766423125 0.15432240625 0.3760784953125 0.1472452890625 0.3492332671875 0.133001928125 0.327205075 0.1309763765625 0.320311140625 0.14467829062499998
2 0.36060523906249997 0.3465519453125 0.3485502171875 0.39986393593749997 0.3536489921875 0.4106323109375 0.4419088765625 0.43756556875 0.46340350468749997 0.43798321093750003 0.48476598125 0.41731642343750003 0.48789504843750003 0.3968659078125 0.47827593593750006 0.370176909375 0.45604079531249997 0.35833385624999997 0.38106265625 0.3392469953125 0.3680177765625 0.3367113265625 0.36060523906249997 0.3465519453125
2 0.2772223265625 0.568759003125 0.2950692828125 0.5857658640625 0.31683069375 0.5869874609375 0.3238119046875 0.6011301375 0.330897825 0.5994991078125 0.34001576718750004 0.57870851875 0.3283945515625 0.566672309375 0.3266766640625 0.5385107625 0.31596050625 0.5131127140625 0.263636353125 0.44277409062500006 0.25792921875 0.4416647359375 0.24148849062500002 0.458775628125 0.237574034375 0.474560890625 0.2287677515625 0.48939527656250004 0.2338366109375 0.504670425 0.2772223265625 0.568759003125
2 0.1515905671875 0.555620134375 0.164308828125 0.566365390625 0.1681460125 0.603211965625 0.21756548125 0.660200309375 0.2292764515625 0.6587162015625 0.2441164875 0.6367815796875 0.252700865625 0.6143830796875 0.2528354953125 0.594102603125 0.2034010671875 0.5393676453125 0.1756208640625 0.542992896875 0.1648299109375 0.52886178125 0.1544079765625 0.5411258218749999 0.1515905671875 0.555620134375
2 0.35950819218749996 0.347842896875 0.34914361562499996 0.3924583015625 0.3514848203125 0.40870744062500003 0.4402782671875 0.437248609375 0.4552205390625 0.440905190625 0.48174162656249997 0.4219932328125 0.4904282390625 0.4251859359375 0.4971451453125 0.39715975000000003 0.4889771359375 0.39782834375 0.475578196875 0.36664413125 0.4568561015625 0.358492334375 0.367202471875 0.3365528484375 0.35950819218749996 0.347842896875
2 0.48654122656250004 0.47782933281249995 0.47153664375000004 0.5245512031249999 0.47005314531250003 0.5430652890625 0.5630552703125 0.5934832828125 0.577463978125 0.59553195625 0.5993151421875 0.5832332359375 0.6044587953125 0.5872414515625 0.6107742875 0.5786917859375 0.613028215625 0.5670963375 0.6054536046875 0.5603592984375 0.595597628125 0.5283595703125 0.5893868484375 0.5211355328125 0.49934924062499997 0.47505427187500004 0.48654122656250004 0.47782933281249995
2 0.5288822015625 0.412353984375 0.5531768046875001 0.44189560937500005 0.595969121875 0.5133898218749999 0.6065232093749999 0.5222102093750001 0.634540278125 0.5238956875 0.6378314171875 0.52002283125 0.6418780234375 0.525322 0.646281165625 0.51790480625 0.64607421875 0.50808730625 0.642012653125 0.505041525 0.6385170453125 0.4577319734375 0.5861779328125001 0.3896467375 0.5695177734375 0.35782860781250003 0.5613946421875 0.3517370421875 0.55402698125 0.3548175015625 0.5292237796875 0.401891009375 0.5288822015625 0.412353984375
2 0.6449471546875001 0.2679489765625 0.647629934375 0.27373514062500004 0.6585106390625 0.2743459390625 0.6760608953125 0.29505561875 0.7893010109375 0.289239640625 0.799722946875 0.2769756 0.80902039375 0.229144375 0.807464578125 0.2175604859375 0.7952649218750001 0.2106765234375 0.6896592515625 0.214215996875 0.664457115625 0.239401115625 0.6491732671875 0.2462075109375 0.6449471546875001 0.2679489765625
2 0.785147215625 0.3410790828125 0.7901437578125 0.32625625468749997 0.7621566046875 0.3200640078125 0.7582271921875 0.33810265625 0.785147215625 0.3410790828125
2 0.685585303125 0.4179947484375 0.7046190593749999 0.42019033749999996 0.7075087859375 0.4357940046875 0.71454983125 0.440923134375 0.7909516328125 0.45050945468750003 0.8028121890625 0.42649148593749997 0.8073499609375 0.3987938171875 0.8033781484375 0.38222771718750004 0.7386873140625 0.3711572875 0.7239819078124999 0.3728114328125 0.7102538765624999 0.39120171875 0.7015971796875 0.38350224375 0.6890409875 0.38933464375 0.685585303125 0.4179947484375
2 0.849112596875 0.5844067703125 0.8625115359375 0.6155909828125 0.8615167234375001 0.6424731375 0.86772750625 0.649697175 0.88437518125 0.642403784375 0.88649695625 0.609723903125 0.9003446578125001 0.5733065296875 0.8950688515625 0.5482138828124999 0.9031795015625 0.515193928125 0.905169121875 0.4614296171875 0.9030498250000001 0.4527445890625 0.8973426890624999 0.451635234375 0.8589036859375 0.4622137984375 0.8519648765625 0.48267587343749996 0.8474695046875 0.544978290625 0.849112596875 0.5844067703125
2 0.756651565625 0.657438021875 0.7510017890625 0.6886800281250001 0.735433725 0.7383007593750001 0.7552528671875 0.745161603125 0.8128727375 0.7556096734375 0.8210557062499999 0.7526876921875 0.8323826984375 0.7270618125 0.835883259375 0.69164155 0.8234766562500001 0.6749400890625 0.756651565625 0.657438021875