2 0.023828125 0.2708333328125 0.012890625 0.259722221875 0.000390625 0.25694444375000003 0 0.33680555624999997 0.00234375 0.33680555624999997 0.023046875 0.32777777812500003 0.033203125 0.302777778125 0.0453125 0.29375 0.04375 0.27569444375 0.037890625 0.26805555625 0.023828125 0.2708333328125
2 0.242578125 0.24305555625 0.227734375 0.2388888890625 0.218359375 0.21805555625 0.208203125 0.20833333281250002 0.155859375 0.1875 0.144921875 0.1888888890625 0.13984375 0.1979166671875 0.13515625 0.23680555625 0.13671875 0.2479166671875 0.143359375 0.259722221875 0.209375 0.284027778125 0.218359375 0.28055555625 0.223828125 0.272222221875 0.244921875 0.27777777812500004 0.2484375 0.26875 0.2484375 0.2520833328125 0.242578125 0.24305555625
2 0.098046875 0.5833333328125 0.086328125 0.5861111109375 0.073046875 0.575 0.061328125 0.5736111109375 0.000390625 0.602777778125 0 0.6270833328125 0.0140625 0.6326388890625 0.01640625 0.671527778125 0.044140625 0.6638888890625 0.080078125 0.64444444375 0.091796875 0.6152777781250001 0.103125 0.6076388890625 0.1015625 0.58819444375 0.098046875 0.5833333328125
2 0.462890625 0.3958333328125 0.45859375 0.40208333281249997 0.44375 0.49791666718750005 0.44453125 0.5201388890625 0.45 0.54375 0.4453125 0.56875 0.450390625 0.5763888890625 0.4640625 0.5798611109375 0.4671875 0.5520833328125 0.48515625 0.5243055562500001 0.4984375 0.42569444375 0.493359375 0.40833333281249995 0.469140625 0.3958333328125 0.462890625 0.3958333328125
2 0.605078125 0.6263888890625 0.580078125 0.60555555625 0.541796875 0.60555555625 0.520703125 0.6125 0.491015625 0.609722221875 0.48203125 0.61875 0.48203125 0.6770833328125 0.485546875 0.6833333328125 0.5671875 0.6868055562500001 0.591015625 0.6805555562500001 0.608203125 0.6569444437499999 0.618359375 0.6555555562500001 0.61953125 0.63125 0.616796875 0.6263888890625 0.605078125 0.6263888890625
2 0.699609375 0.21805555625 0.691015625 0.20972222187499998 0.597265625 0.190277778125 0.591015625 0.190277778125 0.584375 0.1979166671875 0.58125 0.25625 0.584765625 0.2625 0.684375 0.2854166671875 0.705859375 0.26944444375 0.718359375 0.26805555625 0.721875 0.25486111093749997 0.72109375 0.24375 0.709765625 0.2388888890625 0.699609375 0.21805555625
2 0.636328125 0.29722222187499997 0.624609375 0.27638888906250003 0.616015625 0.272222221875 0.559765625 0.26805555625 0.5546875 0.27291666718749996 0.5515625 0.2923611109375 0.5515625 0.32847222187499997 0.555859375 0.34027777812500004 0.575390625 0.3458333328125 0.61953125 0.346527778125 0.633984375 0.3291666671875 0.655078125 0.3291666671875 0.65859375 0.31875 0.6578125 0.30069444375 0.644921875 0.29444444375 0.636328125 0.29722222187499997
2 0.647265625 0.36666666718749996 0.636328125 0.36944444375 0.631640625 0.3541666671875 0.621484375 0.35 0.559765625 0.34722222187499996 0.55703125 0.35208333281250004 0.55390625 0.39097222187499997 0.558203125 0.4125 0.6234375 0.415972221875 0.630078125 0.4138888890625 0.639453125 0.4 0.655859375 0.4 0.65859375 0.39375 0.6578125 0.37152777812500004 0.647265625 0.36666666718749996
2 0.8 0.37569444375 0.79453125 0.353472221875 0.784765625 0.3375 0.774609375 0.3361111109375 0.694921875 0.4125 0.68515625 0.42569444375 0.678125 0.45625 0.66640625 0.4701388890625 0.66796875 0.48125 0.67734375 0.490972221875 0.683203125 0.48333333281249996 0.708984375 0.4861111109375 0.767578125 0.4236111109375 0.792578125 0.40416666718750005 0.8 0.3895833328125 0.8 0.37569444375
2 0.828515625 0.46944444374999994 0.816796875 0.46805555625000006 0.794921875 0.4791666671875 0.725390625 0.49583333281249997 0.718359375 0.502777778125 0.708203125 0.5263888890625 0.6953125 0.53125 0.69609375 0.5479166671875 0.699609375 0.5555555562500001 0.710546875 0.5527777781250001 0.729296875 0.5694444437499999 0.7390625 0.56875 0.798828125 0.5458333328125 0.831640625 0.5388888890625 0.83828125 0.5298611109375 0.840625 0.51875 0.83671875 0.4826388890625 0.828515625 0.46944444374999994
2 0.97109375 0.384027778125 0.962109375 0.3736111109375 0.905859375 0.3763888890625 0.858203125 0.38194444375000003 0.844140625 0.40416666718750005 0.83125 0.4076388890625 0.8296875 0.42291666718750004 0.832421875 0.43194444374999996 0.846484375 0.434722221875 0.858984375 0.4513888890625 0.86953125 0.45347222187499997 0.933984375 0.44444444375 0.961328125 0.4458333328125 0.97265625 0.43263888906250003 0.97578125 0.415972221875 0.975 0.39791666718749996 0.97109375 0.384027778125
2 0.959375 0.5770833328125 0.95703125 0.59375 0.94140625 0.6104166671875 0.94375 0.6270833328125 0.9546875 0.6354166671875 0.968359375 0.622222221875 0.983203125 0.6236111109375 1 0.6104166671875 0.999609375 0.5291666671875 0.968359375 0.559722221875 0.959375 0.5770833328125
2 0.959375 0.5770833328125 0.95625 0.5951388890625 0.9421875 0.6076388890625 0.940625 0.615972221875 0.94375 0.6270833328125 0.948828125 0.6347222218749999 0.95546875 0.6354166671875 0.968359375 0.622222221875 0.986328125 0.622222221875 1 0.6104166671875 0.999609375 0.5291666671875 0.968359375 0.559722221875 0.959375 0.5770833328125
2 0.961328125 0.3736111109375 0.899609375 0.38055555625 0.887109375 0.377777778125 0.858203125 0.38194444375000003 0.844140625 0.40416666718750005 0.83125 0.409027778125 0.831640625 0.43055555625 0.844140625 0.43333333281249997 0.862890625 0.45416666718750004 0.87109375 0.45347222187499997 0.962890625 0.44444444375 0.969140625 0.440277778125 0.9734375 0.428472221875 0.97421875 0.3951388890625 0.966796875 0.377777778125 0.961328125 0.3736111109375