2 1 0.5222714374999999 0.9798520156249999 0.518689190625 0.9590559624999999 0.5273050546875 0.9521765578125001 0.5392808 0.9298764953124999 0.5335869953125 0.924982309375 0.5429427921875 0.9264275218750001 0.5652962765625 0.9460151218749999 0.5752939921875 0.9659570703125 0.610171134375 1 0.628716640625 1 0.5222714374999999
2 0.5749974124999999 0.6930583578125 0.6185855874999999 0.7206276 0.6438534140625001 0.7115417359375 0.657740665625 0.7189235265625 0.6665170953125 0.7163935578125 0.667813740625 0.685714259375 0.6582311484375001 0.676272503125 0.6491204953125 0.6756225437500001 0.62811708125 0.6392494375 0.563123196875 0.605892390625 0.5521944375000001 0.6094523421875 0.5460237296875 0.6711869421875 0.5498471781250001 0.686056590625 0.5749974124999999 0.6930583578125
2 0.39170885625 0.48485765937499997 0.44398685000000004 0.5951049796875 0.4652068984375 0.65074564375 0.47303017968749994 0.6563534921875 0.5009609421875 0.6252861234375 0.5036238796875 0.6033046203125 0.48703344218750005 0.574505328125 0.4322487703125 0.44040856093749997 0.423393421875 0.429282840625 0.4043365546875 0.42003310781250003 0.398026553125 0.403013515625 0.38818865625 0.4040475203125 0.381446965625 0.42163513750000003 0.3881499859375 0.43379084062500006 0.39170885625 0.48485765937499997
2 0.34479245000000003 0.6191947125 0.438554234375 0.70257653125 0.463261928125 0.6967645953125 0.47530167656250005 0.7123782015625 0.483409659375 0.7034883828125 0.48693755625 0.6854347859375001 0.4819938453125 0.677112990625 0.4681065953125 0.6697312 0.4621896109375 0.6478477203125 0.45087710625 0.630550146875 0.42640459062499997 0.6041868218750001 0.40164737500000003 0.592321165625 0.39175995625 0.575677578125 0.367788778125 0.5540841390625 0.3585110109375 0.5518442171875 0.3534497125 0.559610053125 0.3425905984375 0.6025471015625 0.34479245000000003 0.6191947125
2 0.46623423124999996 0.43683654375 0.468494878125 0.4454403421875 0.47844109062499995 0.45404011562499996 0.5079749046875001 0.4726376046875 0.5126725828125 0.46571375000000004 0.5197283734375 0.4296065578125 0.5332302999999999 0.3429885046875 0.5260940125 0.29229768749999996 0.530968075 0.26124238593750004 0.518535309375 0.25049266718749996 0.511380475 0.251244671875 0.506702921875 0.2798680296875 0.49260988906250003 0.300639590625 0.46623423124999996 0.43683654375
2 0.5403202234375 0.5222863734375001 0.5507089765625001 0.5436998515625 0.5581887609375 0.571849184375 0.5621004015625 0.5746531109374999 0.5716040734375001 0.570439178125 0.5611348234375 0.46222769062499997 0.5532620203125 0.43894224531250003 0.55058823125 0.4135028375 0.539158134375 0.4122929 0.523531696875 0.4227767046875 0.5255865609375 0.4595338546875 0.5403202234375 0.5222863734375001
2 0.0453122265625 0.6820181328125 0.054020590624999996 0.71325339375 0.050709328124999994 0.750574546875 0.0970517921875 0.8903812062500001 0.110329390625 0.8833593296875 0.13988175 0.8505139984375001 0.0961635546875 0.7184691515625 0.07291961875 0.695191753125 0.0666684109375 0.6701283453125 0.060270217187499996 0.665174478125 0.0453122265625 0.6820181328125
2 0.28070831093750004 0.388016196875 0.2916076734375 0.38847815625000004 0.29988276875 0.3811783015625 0.3169544171875 0.3930479796875 0.3245022703125 0.3874320875 0.327863053125 0.3677885265625 0.3122752859375 0.3485290125 0.30803869375000004 0.3168237515625 0.291251746875 0.29045640625 0.23565321875 0.24325164843749997 0.225815321875 0.244285653125 0.21242013437499999 0.2673951625 0.2080474046875 0.3032203515625 0.229915778125 0.343521365625 0.28070831093750004 0.388016196875
2 0.33326311249999996 0.1180542359375 0.33726452500000004 0.1819347609375 0.3427095703125 0.1950264453125 0.402041775 0.1960242515625 0.4208526109375 0.1900283359375 0.4358399984375 0.1691627703125 0.45389419531249997 0.168872725 0.4514757109375 0.13295755468749998 0.431102071875 0.1326876203125 0.4067966703125 0.10791425937500002 0.340113121875 0.11010040000000001 0.33326311249999996 0.1180542359375
2 0 0.2607385671875 0.0075928921875 0.2672217546875 0.028133642187500002 0.26908165156249997 0.079868471875 0.25801775625 0.0881234421875 0.229018396875 0.0820981421875 0.1975011375 0.07095275 0.1817935296875 0.0149519296875 0.165174071875 0 0.173226946875 0 0.2607385671875
2 0 0.46913642656250004 0.0304469671875 0.4416476875 0.0400388328125 0.42536803437500004 0.0447163859375 0.3967446765625 0.059114246875 0.383174946875 0.05548730625 0.36587335312499997 0.04378178125 0.353439671875 0.030809009375 0.367663384375 0.011526234375 0.364867503125 0 0.3744656015625 0 0.46913642656250004
2 0.06404414375 0.6623665296875 0.06360160312499999 0.649552825 0.05815655937500001 0.6364611421874999 0.00810600625 0.6033273921875 0.018837875 0.705434303125 0.0359663921875 0.7135434375 0.0494111046875 0.708111525 0.0453122265625 0.6820181328125 0.06404414375 0.6623665296875