2 0.6949808734375 0.27777438593750003 0.691159678125 0.307241628125 0.70477053125 0.3080123453125 0.7257302453125 0.3320736640625 0.8477639234375 0.32345047031249996 0.856241053125 0.314355128125 0.8634183390624999 0.2944405 0.867717321875 0.254467415625 0.863140834375 0.24144112187500003 0.8527536640625 0.237980340625 0.7389714625 0.2439853796875 0.7100112937499999 0.273093053125 0.6949808734375 0.27777438593750003
2 0.7518766484375 0.37089811250000004 0.7537866890625 0.3834542390625 0.7747866859375 0.3838986140625 0.79041350625 0.4070196015625 0.869438653125 0.41362226562500004 0.8755809171875001 0.4073737140625 0.8839256359375 0.386035690625 0.8890604703125 0.34132225625 0.884205365625 0.3298760796875 0.8155409078125 0.3242856625 0.7949254578125 0.3320553125 0.7800274468749999 0.34897932656249997 0.7625297515625 0.344264765625 0.757554921875 0.3490899234375 0.7518766484375 0.37089811250000004
2 0.9183455484374999 0.6430084968750001 0.9347149781249999 0.680109003125 0.93259196875 0.70254408125 0.9356429625 0.7112282765625 0.9477812812499999 0.7125539671875 0.9565899921875 0.70677558125 0.9600001593749999 0.6666457734375 0.9735188812500001 0.631556865625 0.9670323515625 0.6059744484375 0.9765583 0.5571475515625 0.9769174749999999 0.5083335515625 0.9744502 0.498937659375 0.9673396750000001 0.49768388124999996 0.9278334421875 0.50863955625 0.92035105625 0.5276857671874999 0.9166876421874999 0.62642371875 0.9183455484374999 0.6430084968750001
2 0.7315849953125 0.764041175 0.7470264421875 0.7700224078125 0.759787646875 0.801598953125 0.7880305765625 0.8155397875 0.8889974984375 0.8276406234374999 0.8983104796875001 0.81380493125 0.9028742828125 0.7983172078125 0.9060587968749999 0.764664590625 0.9026497421874999 0.7502149046875 0.8913207906249999 0.7417003265625 0.7946655375 0.7181404203125 0.7742757421875 0.71943288125 0.751709971875 0.73826335 0.742211615625 0.734959290625 0.734013103125 0.742474515625 0.7315849953125 0.764041175
2 0.5226774843750001 0.53251043125 0.50497950625 0.5913010875 0.5057221125 0.6052806078125 0.6101107765625 0.660345146875 0.6225277140625 0.660090721875 0.6430901984374999 0.6474239984375 0.6540875671874999 0.65262161875 0.6629630390625 0.6256748265625001 0.658439515625 0.6175456078125 0.6504401750000001 0.6161351078124999 0.64184443125 0.586922290625 0.634959559375 0.5791913234375 0.5508674499999999 0.5415541937499999 0.5365404703125 0.5292524921874999 0.5226774843750001 0.53251043125
2 0.592616415625 0.4918921078125 0.6455723828125 0.5761749171874999 0.6778483640624999 0.5802368 0.683870903125 0.59025958125 0.6915386625 0.5883531234375 0.700772196875 0.5671718218749999 0.6917781125 0.5558104562499999 0.6896297328125 0.521217503125 0.6847216640625 0.5048742578125001 0.6247611 0.4291318125 0.6072772015625 0.3983517734375 0.59689003125 0.3948909921875 0.592804015625 0.399872871875 0.5690570140625 0.4461922140625 0.56807495625 0.4647553609375 0.592616415625 0.4918921078125
2 0.7366321484375 0.46515014218750006 0.7582423406250001 0.46733135781249996 0.7631768921875 0.48612314218749997 0.7685362687499999 0.4895120109375 0.8505594437499999 0.49990179843749993 0.8567017078125 0.49365324531250004 0.8650464265625001 0.4723152234375 0.8693983734374999 0.43723920937500005 0.8657107015625 0.424369640625 0.7916603859375 0.41294181406249997 0.776324865625 0.41675472812500003 0.7638146859375 0.43572902343750003 0.761095275 0.43036178437499994 0.742178009375 0.43109927031249995 0.7366321484375 0.46515014218750006
2 0.37233633906249997 0.43920220624999995 0.37099621875 0.4519998625 0.37435230937499997 0.4615524765625 0.472254440625 0.49103459843749997 0.4876694078125 0.49456729375 0.5140690578125 0.47478359843750007 0.526233859375 0.4785578265625 0.5332787359375 0.44640051718749996 0.522918046875 0.44538826875000004 0.5092680265625 0.41365500156249996 0.48877230312500003 0.40515331874999994 0.3900608015625 0.3828600859375 0.38191525312499996 0.3952723828125 0.37233633906249997 0.43920220624999995
2 0.2997011421875 0.6406403093749999 0.317304765625 0.6551490140625 0.338914959375 0.6573302296875 0.349155921875 0.6746138109375 0.3564921015625 0.6693903984375 0.3662828703125 0.6450488640625001 0.3525396078125 0.6320354671875 0.350470675 0.604788125 0.3392349671875 0.5775536781249999 0.27805400625 0.4983375546875 0.2715536796875 0.49882061718750004 0.2546259015625 0.5194598375 0.2506722984375 0.5366844000000001 0.24255323125 0.551545234375 0.2504593296875 0.5716756046875 0.2997011421875 0.6406403093749999
2 0.15879047968749999 0.6263840468749999 0.1722551234375 0.640977559375 0.1794577796875 0.6780909609375 0.23362146093749997 0.737333434375 0.24514958125000003 0.7369222875 0.26202439375000003 0.71138599375 0.2731552859375 0.6742468046875 0.2700778109375 0.663114071875 0.2159406125 0.606320134375 0.1905495046875 0.6099892203125 0.1741133140625 0.5940571203125 0.16474736875 0.6029957390625 0.15879047968749999 0.6263840468749999
2 0 0.5378026124999999 0.013013139062500002 0.5175881 0.01991180625 0.49925358906249995 0.024542371875 0.46259745781249995 0.033550253125 0.44789334687500004 0.02986258125 0.435023778125 0.0182550125 0.42808931718750004 0.0098573296875 0.4445302671875 0.0013092609375 0.44883048125 0 0.45625566875 0 0.5378026124999999
2 0.0653771515625 0.3557506203125 0.0777940890625 0.35549619374999997 0.1003333765625 0.334217190625 0.1047382890625 0.30403825 0.0946573296875 0.24686639375000002 0.07499856875000001 0.17904486718749998 0.0690025125 0.171470621875 0.05655909375 0.1692765125 0.052592803125 0.1579870578125 0.0318513 0.275617971875 0.0323067109375 0.278232653125 0.0439534453125 0.316129665625 0.0579085625 0.3487313515625 0.0653771515625 0.3557506203125
2 0.2547787828125 0.1781600796875 0.26844260000000003 0.18382786874999998 0.2789356984375 0.1970827953125 0.3711065953125 0.24347603437499998 0.38235609843749996 0.24464500312499998 0.3912845328125 0.22259528281250002 0.397971346875 0.18467248125 0.38895078125000004 0.170862578125 0.2851320375 0.141151821875 0.2594093484375 0.1415039515625 0.2532670828125 0.14775250625 0.2493664421875 0.16987413906249998 0.2547787828125 0.1781600796875
2 0 0.5372310046875 0.014459187500000002 0.5145845890625 0.0250996046875 0.4594372265625 0.02202213125 0.4483044953125 0.014885124999999999 0.44460218124999995 0.0180823234375 0.4394635765625 0.026134628124999996 0.4457711515625 0.027527714062500003 0.4378705671875 0.0200856078125 0.43329983437499997 0.0107461453125 0.444686990625 0.00164068125 0.44695090625 0 0.456255671875 0 0.5372310046875
2 0.07457040781249999 0.35818626249999996 0.1003333765625 0.334217190625 0.1047382890625 0.30403825 0.0946573296875 0.24686639375000002 0.07499856875000001 0.17904486718749998 0.0690025125 0.171470621875 0.05655909375 0.1692765125 0.05247206875 0.158671778125 0.0327459703125 0.27054404062500004 0.039350475 0.3006548375 0.055189153125 0.3433641125 0.0653771515625 0.3557506203125 0.07457040781249999 0.35818626249999996
2 0.33547563281250004 0.1752820453125 0.32942550000000004 0.21739022187499998 0.3443626796875 0.23142875937500001 0.37377304218749996 0.24394619999999997 0.3864421140625 0.23966312343750001 0.397971346875 0.18467248125 0.3961142703125 0.177013428125 0.366677425 0.16204745 0.342705884375 0.1602644890625 0.33547563281250004 0.1752820453125
2 0.3830826859375 0.3938489875 0.37099621875 0.4519998625 0.3767401390625 0.46360276093749997 0.4731432578125 0.49119132031249996 0.4965046 0.4912374453125 0.5193225046875 0.4683783234375 0.52233433125 0.44609996562500004 0.5113772390625 0.4172854015625 0.48699467187499995 0.40483987499999996 0.40517066718750006 0.3855243625 0.3909496171875 0.38301680781249997 0.3830826859375 0.3938489875
2 0.2967031140625 0.6368531859375001 0.31641595 0.6549922921875 0.34008239218749997 0.655906834375 0.34793552499999997 0.6711401328125 0.3556032859375 0.6692336765625 0.3651154375 0.6464722593750001 0.352260990625 0.6336155828125001 0.3498604765625 0.6030512875 0.33773595312500004 0.5756601156250001 0.27955302031249996 0.5002311171875 0.2733313109375 0.4991340609375 0.25579333593750003 0.51803644375 0.2518397296875 0.5352610062500001 0.24255323125 0.551545234375 0.2483501171875 0.568045203125 0.2967031140625 0.6368531859375001
2 0.1599579125 0.6249606515624999 0.173979790625 0.6363939328125 0.1788475828125 0.676354121875 0.23362146093749997 0.737333434375 0.2463170125 0.7354988921875 0.26202439375000003 0.71138599375 0.2709263484375 0.6868877359375001 0.27068800937500004 0.6648509125000001 0.2159406125 0.606320134375 0.185826809375 0.6107857265625001 0.173834696875 0.5956372375 0.16274408437500001 0.609159484375 0.1599579125 0.6249606515624999
2 0.38191525312499996 0.3952723828125 0.3715004875 0.4439425578125 0.37435230937499997 0.4615524765625 0.4713656265625 0.4908778765625 0.4876694078125 0.49456729375 0.51612530625 0.47351692500000003 0.5256236609375 0.4768209875 0.5323899187500001 0.44624379531249997 0.5235282453125001 0.44712510781250003 0.5083792125000001 0.41349827968749997 0.4878834875 0.40499659687499995 0.3900608015625 0.3828600859375 0.38191525312499996 0.3952723828125
2 0.5223988671875001 0.534090546875 0.5069827890624999 0.5851373453125001 0.5057221125 0.6052806078125 0.607722946875 0.6582948640625 0.6234165296875 0.66024744375 0.646924078125 0.6464707703125 0.652588553125 0.650728059375 0.6592880515624999 0.641319271875 0.6615169890625 0.6286783375 0.653159584375 0.6215023468750001 0.64184443125 0.586922290625 0.634959559375 0.5791913234375 0.5362618546875 0.530832609375 0.5223988671875001 0.534090546875
2 0.567159659375 0.4621501046875 0.59411543125 0.49378566875 0.6419641578124999 0.57065095625 0.65359820625 0.580033953125 0.6840700749999999 0.5813338546875 0.6875723734375 0.577063671875 0.692069415625 0.5827443546875 0.6967126640625 0.574602240625 0.6963016375 0.5639396765625 0.691831078125 0.5607075296875 0.6871359765625 0.5093730765625 0.628979525 0.43639261406249996 0.6102752296875 0.40213889687500004 0.6013341078125001 0.3956746015625 0.59338773125 0.39916117500000003 0.5673323484374999 0.4507758421875 0.567159659375 0.4621501046875
2 0.6905229984375 0.303056253125 0.693547509375 0.30929191093749997 0.7053807296875 0.30974918281249997 0.7248414296875 0.3319169421875 0.8477639234375 0.32345047031249996 0.8588545375000001 0.3099282234375 0.8680489046875 0.2577843703125 0.8661388640625001 0.2452282453125 0.8527536640625 0.237980340625 0.7380826468749999 0.24382865781250002 0.7111787265625 0.271669659375 0.69470225625 0.27935450156249997 0.6905229984375 0.303056253125
2 0.8442340312500001 0.3798516109375 0.8493815515625001 0.3636521921875 0.8188567203125 0.35745521875 0.814929596875 0.377128315625 0.8442340312500001 0.3798516109375
2 0.7375209625 0.46530686406250005 0.7582423406250001 0.46733135781249996 0.761677878125 0.48422957968749997 0.769425084375 0.4896687328125 0.85261569375 0.49863512656250003 0.8650464265625001 0.4723152234375 0.8694513390624999 0.4421362828125 0.8648218859375 0.42421291875 0.7943268328124999 0.41341198125 0.7783811140625 0.4154880546875 0.7638146859375 0.43572902343750003 0.754263365625 0.42752789062499996 0.7407319593749999 0.43410278281250003 0.7375209625 0.46530686406250005
2 0.9183455484374999 0.6430084968750001 0.9334945828125001 0.676635325 0.9329235499999999 0.7058610375 0.939808421875 0.713592003125 0.9577574249999999 0.7053521859375 0.959442925 0.66980600625 0.9737974984375001 0.6299767484375 0.9675895859375 0.602814215625 0.9757754125 0.566784975 0.9769174749999999 0.5083335515625 0.9744502 0.498937659375 0.968228490625 0.49784060312499995 0.9266660109375 0.51006295 0.9195152046875 0.5324261156250001 0.9158126234375 0.6002015187499999 0.9183455484374999 0.6430084968750001
2 0.8192737578125 0.7241087578125 0.8137278968749999 0.7581596296875001 0.7977545828125 0.8123666593750001 0.8194177421875001 0.8194449484374999 0.882218553125 0.8297038015625 0.891053746875 0.82637395 0.9028742828125 0.7983172078125 0.9060058328125 0.75976751875 0.89220960625 0.7418570484375 0.8192737578125 0.7241087578125