2 0.0904483234375 0.25972955937500003 0.0928902640625 0.3044290515625 0.0968539046875 0.3166244609375 0.1066707640625 0.3285936828125 0.18579455312499998 0.34284831875 0.1952173390625 0.3371573578125 0.1997185953125 0.326692934375 0.2245620234375 0.328759521875 0.22672723281249998 0.3179011125 0.2234196484375 0.29914286875 0.2150333453125 0.290144978125 0.1974998890625 0.288401234375 0.182813896875 0.26681394687500004 0.16945366875 0.257887196875 0.10640658124999999 0.244827275 0.094372115625 0.248561065625 0.0904483234375 0.25972955937500003
2 0.1304330171875 0.7281567203125 0.124815584375 0.7065821875 0.1198940546875 0.701808728125 0.107255928125 0.7072607468750001 0.0901028984375 0.6973909828125 0.0766378765625 0.6981534421875 0.0327607984375 0.7295400484375001 0.048020375 0.8160814109375 0.0752095203125 0.8031715374999999 0.11179813281249999 0.774154940625 0.11919925 0.7390023718750001 0.1304330171875 0.7281567203125
2 0.5150768734375 0.62406839375 0.531153575 0.6252631078124999 0.5291581046875 0.593379196875 0.5438691953125 0.5585494703125 0.5392472953125 0.4449274671875 0.5300864921875 0.4263954109375 0.5003477328125 0.4171330609375 0.49331339218750003 0.41837340625 0.4897176265625 0.426260484375 0.4920296765625 0.5370662 0.49731908125 0.561922146875 0.5081598734375 0.587411021875 0.5078454953125 0.6164786453125 0.5150768734375 0.62406839375
2 0.570671546875 0.7311202015625 0.5758687078125 0.7374568499999999 0.6684438687500001 0.7251628218749999 0.6940219515625 0.7133996703125 0.70868064375 0.68341454375 0.7198358171875 0.6798357984375001 0.71633119375 0.6522474640625 0.7122889578125 0.6473189609375 0.69909956875 0.64964460625 0.666827725 0.6311581796875 0.6237423859375 0.6387552875 0.60137964375 0.65075738125 0.5674152578125 0.6535226421875 0.5590950015625 0.6654663515625 0.570671546875 0.7311202015625
2 0.60402236875 0.24412075312499998 0.7206801078125 0.250145353125 0.7416908875 0.2279050203125 0.7554839375 0.22386114531249998 0.75682225 0.2083131765625 0.7537379015625 0.1959627234375 0.7400234453125 0.19273969375 0.7244581609375 0.1713074484375 0.7131321500000001 0.1636338 0.6037581859375 0.160354346875 0.5967238453125 0.161594690625 0.5907658328125 0.1715100828125 0.59882520625 0.23778410625 0.60402236875 0.24412075312499998
2 0.579744953125 0.3249614578125 0.586923934375 0.33739581093750004 0.610008778125 0.3397724828125 0.659826628125 0.331794146875 0.6726481421875 0.3093860140625 0.6963890421875 0.30519985312500003 0.6982786203125 0.2927782578125 0.6938161109375 0.2726118703125 0.6780674375 0.2681357390625 0.6689464828125 0.2729675859375 0.6516226125 0.2518454296875 0.6411234984374999 0.24886134062499998 0.5769875328125 0.255334878125 0.5722368421875 0.2618138109375 0.5725785203125 0.28431860000000003 0.579744953125 0.3249614578125
2 0.594786271875 0.394839740625 0.603894678125 0.4182164015625 0.6780046921875 0.4091782765625 0.6850652328125 0.40551563125 0.6928604234375 0.388023246875 0.71132556875 0.3847673421875 0.71316275 0.37719035 0.70787334375 0.35233440312500003 0.6950381828125 0.34895633125000003 0.6832793484375 0.3542533046875 0.674971640625 0.337988509375 0.662713940625 0.33531450625 0.5926985578124999 0.34443653125 0.5905857453125 0.350450334375 0.594786271875 0.394839740625
2 0.74754850625 0.4436576859375 0.7371154375 0.46161519999999995 0.7410790796875 0.47381060937499997 0.753560015625 0.48289240156249996 0.7586387328125 0.47313204999999997 0.7882066546875001 0.47114200625 0.8417501609375 0.38917036875 0.8660286765625 0.3623243765625 0.8714878203125 0.3444380046875 0.8687315 0.32880613593749997 0.8581663390625 0.30488044687500004 0.8440054124999999 0.288841834375 0.8322989765625 0.28929420625 0.757770890625 0.3910838734375 0.749398234375 0.4078721859375 0.74754850625 0.4436576859375
2 0.781777075 0.5246588328125 0.78596395 0.5432620328125 0.7914367437500001 0.5511618687500001 0.8031955765625 0.5458648921875 0.827606184375 0.5609021015625 0.8384595265625 0.5581824703125 0.9011774859375 0.5205290953125 0.9367296156249999 0.50620135625 0.9424119937500001 0.49472277499999995 0.9428448156250001 0.48175215 0.9312819203125 0.4418845046875 0.9194308421875 0.42866218125 0.905965821875 0.429424640625 0.8835506843750001 0.44627134062499996 0.8086012234375 0.47882841093749995 0.80206575 0.4880397328125 0.795320690625 0.5166294687499999 0.781777075 0.5246588328125
2 0.911516109375 0.37606285625 0.9163852421875 0.3856809203125 0.9327637718749999 0.38601651875 0.9501400406249999 0.40229407500000003 0.9624239375 0.40254577343750003 0.9890088 0.393921475 0.9746645828125 0.31257138125 0.9354791453125 0.3242897703125 0.924061990625 0.3520915359375 0.9102427421874999 0.3585577140625 0.911516109375 0.37606285625
2 0.9105183734375 0.3601209015625 0.9152303187499999 0.3842727765625 0.9298502640624999 0.3849184609375 0.9550877671875 0.40464523437500005 0.9641825234375 0.4022356875 0.9892398265625 0.3952316890625 0.9749529234375001 0.3142066421875 0.9671860765625 0.3138636203125 0.9354791453125 0.3242897703125 0.924061990625 0.3520915359375 0.9105183734375 0.3601209015625