2 1 0.23307944218749999 0.9526511640624999 0.24728751875000002 0.93960735625 0.25775598125 0.9263373859374999 0.2814728234375 0.9083145890625 0.284871596875 0.9004348546875001 0.2949625953125 0.898706859375 0.3147136671875 0.9019371046875 0.3257766640625 0.9275105531250001 0.321379965625 0.9331273765624999 0.3318225015625 0.943414440625 0.3368688046875 1 0.32148144375 1 0.23307944218749999
2 0.586168828125 0.4747830046875 0.59168399375 0.5930205125 0.610098125 0.6278019593749999 0.610921459375 0.6610444109375 0.6274835109375 0.6583471015625 0.6342934125 0.6498210249999999 0.631330415625 0.6197084187499999 0.6402592296875 0.59229473125 0.6434890546875 0.56604096875 0.6358342265625 0.45093330624999994 0.6313901515625 0.44308115625 0.6239834984375 0.4424331578125 0.5939867265625 0.45473547031250006 0.586168828125 0.4747830046875
2 0.4202217609375 0.734749746875 0.4321135703125 0.7374486640625 0.450033871875 0.7672113453125 0.477623734375 0.777088490625 0.5747331265625 0.78143815625 0.5795473656250001 0.774396003125 0.5855953484375 0.7052672515625 0.5758842828125 0.69363725625 0.5404146875 0.6938511125 0.5161372328125 0.68343450625 0.47077149062499996 0.6794655171875 0.43898488750000003 0.7015623640624999 0.425097415625 0.7003473687499999 0.42135300625000005 0.7058245984375 0.4202217609375 0.734749746875
2 0.3390929640625 0.2491685859375 0.341891209375 0.26516934999999997 0.356560515625 0.2681112671875 0.3803648859375 0.2892668734375 0.5007843953125 0.2724366171875 0.505598634375 0.2653944640625 0.5079432921875 0.1959417140625 0.500865721875 0.18620064218750002 0.4934590703125 0.18555264375 0.3803432953125 0.1988755875 0.36929515 0.20786012812500002 0.355099346875 0.23149597187499998 0.3411707921875 0.23608220468750002 0.3390929640625 0.2491685859375
2 0.4074613359375 0.3314420078125 0.41054758125 0.34415092812500003 0.43554503125000005 0.346337921875 0.45087292031250004 0.36841045 0.5032544 0.372163975 0.5269761843749999 0.3676052796875 0.5332922546875001 0.354060434375 0.53703624375 0.3112664453125 0.5353489125 0.2878995296875 0.52983500625 0.2816123015625 0.46274313906250003 0.2807180859375 0.45212699375 0.2847648578125 0.43607952812499995 0.3082387015625 0.4261833796875 0.3040558578125 0.41025916249999994 0.3101260125 0.4074613359375 0.3314420078125
2 0.40227777031249995 0.428011984375 0.42172023281250004 0.429712978125 0.4313902140625 0.447144203125 0.4390437828125 0.450301584375 0.5167107125 0.452950259375 0.5240347796875 0.4278839546875 0.5243634421875 0.381474121875 0.5216270296875 0.37542989375 0.44819834218750004 0.3723227578125 0.4357305328125 0.3762075296875 0.42859155 0.393826678125 0.41591790624999997 0.3894008390625 0.402915184375 0.394068071875 0.399685359375 0.42032183281249996 0.40227777031249995 0.428011984375
2 0.2674358734375 0.444409703125 0.33039325625 0.52455120625 0.3612336953125 0.5239323515625001 0.3673854328125 0.5335924249999999 0.3795034078125 0.5230429640625001 0.3825070671875 0.5100375828125 0.370059590625 0.492363359375 0.3648950984375 0.45542406093750004 0.3546901984375 0.4387753 0.26817536249999996 0.339987578125 0.255995553125 0.340580503125 0.2427666640625 0.358496115625 0.23398185 0.38426388125 0.2325418546875 0.4007231078125 0.23982525937500002 0.4187747953125 0.2674358734375 0.444409703125
2 0.17263215468749998 0.562992309375 0.179565725 0.57437930625 0.21773065156250002 0.586010909375 0.28618076718749996 0.619365115625 0.2976816625 0.621200571875 0.3216296125 0.603393496875 0.3343032546875 0.6078193390625 0.33926149375 0.5991312625 0.3419153203125 0.5794611890625 0.3271430984375 0.5723639640625 0.31755528125 0.54333028125 0.3099427953125 0.53437166875 0.22927178750000002 0.50741161875 0.20450050156250002 0.4919762453125 0.19046902968749999 0.49240716874999996 0.179379803125 0.5071929390625 0.17100665625 0.5495819296875 0.17263215468749998 0.562992309375
2 0.02346910625 0.43384576406250003 0.0355256671875 0.45065652656250005 0.0680737703125 0.45184559375 0.1435188703125 0.469226571875 0.1562335953125 0.46785118593749997 0.1727748953125 0.449396109375 0.1897278609375 0.447562259375 0.19390426875 0.4371472625 0.1936366015625 0.4188801125 0.17872037968750001 0.41342881093750006 0.16435940625 0.38563605 0.1084596828125 0.37411137656250004 0.0420878140625 0.364987546875 0.030360753125 0.3764004703125 0.0242916015625 0.3924546984375 0.021493775 0.4137706921875 0.02346910625 0.43384576406250003
2 0 0.6590134 0.0089052375 0.6589597078125 0.02373929375 0.67601346875 0.03756493125 0.6672719296875 0.0420704203125 0.6477638578125 0.025281785937500002 0.6263927890625001 0.0242322859375 0.6063987171874999 0.015385218749999999 0.5848931875 0 0.5669706578125 0 0.6590134
2 0 0.6581806 0.0089052375 0.6589597078125 0.0228134609375 0.6759324703125 0.030755028125 0.6757980046875 0.03756493125 0.6672719296875 0.042420253125 0.654428546875 0.0414325875 0.6443910125000001 0.02606361875 0.6281197109375001 0.0242322859375 0.6063987171874999 0.015385218749999999 0.5848931875 0 0.5669706578125 0 0.6581806
2 0.0229752734375 0.4288269953125 0.02684335 0.4432628375 0.0338180046875 0.44884860312499997 0.1416672078125 0.469064571875 0.1513164390625 0.4707380328125 0.1756963875 0.44799318593750004 0.1907976921875 0.4459973375 0.1934926015625 0.4205260359375 0.17872037968750001 0.41342881093750006 0.16435940625 0.38563605 0.13053563906250001 0.3777012921875 0.11543433593750001 0.3796971421875 0.0430136453125 0.365068546875 0.0361008265625 0.3694393171875 0.02550543125 0.38924385156249997 0.0229752734375 0.4288269953125