2 0.128515625 0.5930555562500001 0.109765625 0.6 0.102734375 0.590277778125 0.083984375 0.584722221875 0.055078125 0.5930555562500001 0.032421875 0.6166666671875001 0.015234375 0.627777778125 0.0140625 0.6493055562500001 0.02109375 0.684027778125 0.027734375 0.6944444437499999 0.0390625 0.6951388890625 0.066015625 0.6888888890625 0.104296875 0.6625 0.118359375 0.63055555625 0.134375 0.6201388890625 0.13359375 0.6006944437499999 0.128515625 0.5930555562500001
2 0.46171875 0.6243055562500001 0.451953125 0.622222221875 0.398828125 0.6569444437499999 0.383984375 0.690277778125 0.376171875 0.6916666671875 0.36875 0.70069444375 0.37265625 0.7270833328124999 0.38046875 0.7284722218749999 0.391796875 0.7208333328125 0.414453125 0.7263888890625 0.449609375 0.6986111109375 0.470703125 0.690277778125 0.47265625 0.6770833328125 0.46171875 0.6243055562500001
2 0.584765625 0.43194444374999996 0.576171875 0.43194444374999996 0.572265625 0.447222221875 0.556640625 0.45694444375 0.55 0.4673611109375 0.51484375 0.58819444375 0.503125 0.6145833328125 0.507421875 0.6333333328124999 0.534375 0.6576388890625 0.540625 0.6520833328125 0.55390625 0.6020833328124999 0.5890625 0.5020833328125 0.5875 0.4576388890625 0.5921875 0.446527778125 0.584765625 0.43194444374999996
2 0.623828125 0.55694444375 0.616015625 0.559722221875 0.597265625 0.58055555625 0.590234375 0.5958333328125 0.569921875 0.6083333328125 0.551171875 0.6333333328124999 0.54296875 0.6493055562500001 0.53984375 0.66875 0.528515625 0.6763888890625 0.525 0.684027778125 0.5296875 0.69930555625 0.5375 0.70625 0.546484375 0.6916666671875 0.568359375 0.6944444437499999 0.641796875 0.6138888890625 0.6421875 0.59930555625 0.62890625 0.5631944437499999 0.623828125 0.55694444375
2 0.464453125 0.3111111109375 0.458203125 0.3111111109375 0.4484375 0.321527778125 0.45546875 0.3479166671875 0.45390625 0.3923611109375 0.4734375 0.465972221875 0.4828125 0.49652777812500004 0.4875 0.5020833328125 0.511328125 0.48333333281249996 0.519140625 0.475 0.5203125 0.4673611109375 0.48515625 0.35208333281250004 0.47109375 0.33541666718749996 0.464453125 0.3111111109375
2 0.455078125 0.45277777812500003 0.4453125 0.4548611109375 0.4453125 0.4770833328125 0.440625 0.49791666718750005 0.44140625 0.5923611109375 0.45 0.5951388890625 0.453125 0.5923611109375 0.45703125 0.5673611109375 0.4640625 0.5479166671875 0.47109375 0.4923611109375 0.46953125 0.4604166671875 0.455078125 0.45277777812500003
2 0.88359375 0.6548611109375 0.865625 0.6770833328125 0.83984375 0.7951388890625 0.868359375 0.8208333328125 0.88046875 0.82569444375 0.9078125 0.70069444375 0.9015625 0.66875 0.90625 0.640972221875 0.891796875 0.627777778125 0.88671875 0.6326388890625 0.88359375 0.6548611109375
2 0.72421875 0.2979166671875 0.710546875 0.2791666671875 0.701953125 0.2791666671875 0.658203125 0.325 0.64609375 0.34930555625 0.6453125 0.3770833328125 0.63359375 0.3951388890625 0.63828125 0.41180555625000004 0.6453125 0.415972221875 0.658984375 0.40416666718750005 0.666796875 0.40972222187499996 0.676171875 0.40833333281249995 0.716015625 0.365277778125 0.73125 0.32847222187499997 0.72421875 0.2979166671875
2 0.523046875 0.20138888906250002 0.50546875 0.20347222187499997 0.506640625 0.23472222187499997 0.522265625 0.23333333281250002 0.537109375 0.25 0.55390625 0.25347222187499996 0.605078125 0.24722222187499998 0.60859375 0.23541666718749998 0.60625 0.17986111093749999 0.599609375 0.17361111093749998 0.541796875 0.177777778125 0.523046875 0.20138888906250002
2 0.933984375 0.225 0.922265625 0.2236111109375 0.905859375 0.2 0.885546875 0.1916666671875 0.838671875 0.21111111093749999 0.83046875 0.22569444375 0.828125 0.25347222187499996 0.837890625 0.27777777812500004 0.88359375 0.2826388890625 0.901171875 0.2791666671875 0.922265625 0.25694444375000003 0.934765625 0.252777778125 0.93984375 0.24375 0.9390625 0.23125 0.933984375 0.225
2 0.890234375 0.36805555624999997 0.877734375 0.35694444375 0.86875 0.36875 0.8671875 0.384027778125 0.880859375 0.39444444375 0.8875 0.41875 0.897265625 0.43194444374999996 0.944921875 0.46666666718750005 0.9625 0.47430555625000004 0.969921875 0.46805555625000006 0.98046875 0.44236111093749997 0.9828125 0.42291666718750004 0.979296875 0.4125 0.906640625 0.3638888890625 0.890234375 0.36805555624999997
2 0.99296875 0.5645833328125 0.982421875 0.5513888890625 0.966015625 0.5638888890625 0.954296875 0.55694444375 0.944921875 0.5583333328125 0.891015625 0.602777778125 0.8875 0.6145833328125 0.88828125 0.6256944437499999 0.90625 0.640972221875 0.905078125 0.6638888890625 0.9171875 0.6673611109375 0.945703125 0.65 0.962109375 0.6333333328124999 0.9734375 0.615972221875 0.97578125 0.5979166671875 0.99296875 0.578472221875 0.99296875 0.5645833328125