2 0.22388223125 0.7322781765624999 0.2325019625 0.7359513515625 0.24756458750000002 0.730171478125 0.2721559890625 0.7425814734375 0.31998340000000003 0.7199601906249999 0.34646630625 0.7159753171875 0.35221824218750003 0.701313278125 0.3536532171875 0.6376846578124999 0.342970784375 0.6326936890625 0.272624853125 0.6585319390625 0.24669225 0.6929406609375001 0.23733467187500001 0.69246345 0.22639744999999997 0.700878903125 0.22388223125 0.7322781765624999
2 0.403875546875 0.6374973046875 0.4038388390625 0.66021143125 0.42839353437499994 0.6953355515624999 0.4370601515625 0.690603775 0.46562210468750004 0.636604221875 0.5326335328125 0.530887828125 0.5426413515624999 0.47933733749999996 0.5509859328125 0.467798590625 0.54632040625 0.449048334375 0.5364328875 0.446765621875 0.527880403125 0.4633058359375 0.50732063125 0.47034132812499996 0.49691335 0.48056228437500004 0.4243680703125 0.610248421875 0.403875546875 0.6374973046875
2 0.44049459375 0.6880303703124999 0.4317342046875 0.70957205 0.4166715765625 0.715351925 0.4105976046875 0.7232069937500001 0.4119326390625 0.7420299234375001 0.419076675 0.75209503125 0.4332873234375 0.7377026843750001 0.4577177078125 0.7467091921875 0.563608609375 0.6735330125 0.5679317390625 0.6568579515625 0.5622430375 0.611782565625 0.5580605671875001 0.603242765625 0.5483340671875 0.6043635375 0.521227446875 0.623352815625 0.5090795015625 0.6390629515625 0.48238868906250004 0.6480492921875001 0.4541753 0.6718325187499999 0.44049459375 0.6880303703124999
2 0.4118635359375 0.49627325625 0.41578103437499997 0.5039103015624999 0.4481768953125 0.4886668765625 0.45937908906249997 0.4811541734375 0.46275646562499995 0.472676546875 0.45292816875 0.33070559374999997 0.44117567187500006 0.30779444843750003 0.4399914765625 0.27806583281249997 0.432800553125 0.276405678125 0.418797809375 0.28579655625 0.419878053125 0.3180259078125 0.406274775 0.3687463203125 0.40919346718750005 0.458627396875 0.4118635359375 0.49627325625
2 0.3522509359375 0.5986483359375 0.363385884375 0.5709222421875 0.3766406 0.55041815625 0.399487325 0.488366515625 0.40617483437499996 0.4511978703125 0.391574903125 0.4385698546875 0.3797857015625 0.43837283749999995 0.3738829265625 0.4639405609375 0.36295588125 0.486665190625 0.3387679546875 0.5955355453125 0.347917628125 0.601014225 0.3522509359375 0.5986483359375
2 0.8479088734375001 0.8056535437499999 0.8606805328125 0.7749390015625 0.8475562968749999 0.75591905625 0.8404224390625 0.76016311875 0.8309242031249999 0.7849007671875 0.8043475250000001 0.8056955468749999 0.7433264765625001 0.9346759515624999 0.7693099796875 0.97181309375 0.7819511609375 0.9806225843749999 0.8466145578125 0.8440673046875 0.8479088734375001 0.8056535437499999
2 0.6122759640625001 0.4196717546875 0.6132420734374999 0.44009266562500005 0.6202250921875 0.4467542875 0.6390910843750001 0.43680302343750005 0.6466040453125 0.4452701484375 0.657759353125 0.44616239843749994 0.7150381125 0.4072084203125 0.742342459375 0.3689085015625 0.742368984375 0.3318852046875 0.7316193078125 0.3066808453125 0.7217317875 0.30439813125000004 0.6592208546875 0.345510478125 0.63883228125 0.3702586296875 0.6305549484374999 0.40201076718750006 0.6122759640625001 0.4196717546875
2 0.6187577203125 0.241912115625 0.6259384640625 0.22926310156250002 0.6379988046875 0.164721225 0.6320186046875 0.1557663875 0.564395796875 0.1452039 0.5365513296875 0.1673891421875 0.5157734734375 0.1651169296875 0.50882099375 0.2013828234375 0.527167225 0.20393522812499998 0.5398185859375 0.22705389375 0.5582218828125 0.2355105171875 0.6187577203125 0.241912115625
2 1 0.302602671875 0.9899687609375001 0.29899929375 0.9773642859375 0.26747567656250004 0.9562073265625 0.252492275 0.8971104750000001 0.2624128703125 0.88379869375 0.277012734375 0.8737236296875001 0.3083498359375 0.8785032859375 0.33890852968749996 0.9297956796875001 0.35664135468749997 0.950942459375 0.357315584375 0.9811145984375 0.3373508828125 0.996603215625 0.33587724531249996 1 0.33215177812499996 1 0.302602671875
2 1 0.52571339375 0.9347301874999999 0.4562451765625 0.9147472437499999 0.4566812171875 0.9033167875 0.44057704218750005 0.8898439859374999 0.451773425 0.883988096875 0.4689361984375 0.8969513156250001 0.48455265937499997 0.8981355109375 0.514281275 0.90586655625 0.5320561046875001 0.9514742578125001 0.5846643625 0.9696696499999999 0.5981224546874999 0.9798690265625 0.5929029671875 0.9974243656249999 0.568124103125 1 0.5569678031249999 1 0.52571339375
2 0.8532980515625 0.7269478453125 0.8461173093750001 0.7395968609375 0.8440647875 0.7525882421875 0.8606805328125 0.7749390015625 0.8532449984375001 0.8009944421874999 0.8662551031250001 0.80820595 0.9036752328125001 0.795805621875 0.9269784859374999 0.780987734375 0.9446235765625 0.76402198125 0.9521161765624999 0.7438707625000001 0.9577843515625 0.7398238671875 0.9684160531250001 0.69377290625 0.9499189843750001 0.7021261890625 0.9382806203125 0.6910234828124999 0.9271253125 0.69013123125 0.8532980515625 0.7269478453125