2 0.59453125 0.290625 0.3171875 0.58125
2 0.6984375 0.28046875 0.253125 0.5609375
2 0.40859375 0.35546875 0.3953125 0.7109375
2 0.16171875 0.41171875 0.3234375 0.7234375
2 0.0453125 0.5640625 0.090625 0.71875
2 0.5203125 0.5 0.44375 1
2 0.92578125 0.4578125 0.1484375 0.78125
2 0.2734375 0.615625 0.3875 0.76875
2 0.73359375 0.6625 0.31875 0.621875
2 0.85234375 0.6640625 0.2625 0.5640625
2 0.38046875 0.73515625 0.3140625 0.5296875
2 0.1515625 0.7640625 0.296875 0.471875
2 0.5765625 0.82734375 0.253125 0.3453125