2 0.634375 0.17421875 0.3 0.3484375
2 0.415625 0.1828125 0.18125 0.2984375
2 0.734375 0.23984375 0.2421875 0.4125
2 0.25546875 0.21015625 0.2078125 0.26875
2 0.54765625 0.35234375 0.228125 0.29375
2 0.8453125 0.38046875 0.1875 0.528125
2 0.9421875 0.4359375 0.115625 0.446875
2 0.25 0.3875 0.2203125 0.4515625
2 0.14140625 0.4296875 0.23125 0.4640625
2 0.675 0.51484375 0.234375 0.284375
2 0.02578125 0.53828125 0.0515625 0.2703125
2 0.90859375 0.68125 0.178125 0.2875
2 0.08671875 0.7234375 0.1734375 0.328125
2 0.35390625 0.7828125 0.2796875 0.4296875
2 0.2203125 0.77890625 0.196875 0.3859375
2 0.734375 0.7921875 0.31875 0.415625
2 0.87734375 0.1109375 0.2453125 0.178125
2 0.54765625 0.88046875 0.1765625 0.2390625
2 0.7765625 0.8921875 0.28125 0.215625
2 0.42890625 0.953125 0.2828125 0.09375
2 0.2046875 0.95546875 0.1453125 0.053125