2 0.83046875 0.43203125 0.228125 0.40625
2 0.11015625 0.45 0.2203125 0.384375
2 0.921875 0.6375 0.15625 0.4375
2 0.72734375 0.07734375 0.1828125 0.1296875
2 0.54765625 0.609375 0.35625 0.5484375
2 0.9453125 0.1046875 0.109375 0.13125
2 0.28359375 0.62734375 0.2296875 0.3703125
2 0.13515625 0.63828125 0.2453125 0.4859375
2 0.66875 0.72265625 0.2484375 0.4703125
2 0.790625 0.75546875 0.2296875 0.375
2 0.0671875 0.69296875 0.134375 0.5078125
2 0.371875 0.7640625 0.2078125 0.4140625
2 0.12578125 0.16015625 0.2015625 0.3203125
2 0.4421875 0.2140625 0.1984375 0.390625
2 0.93046875 0.2984375 0.1390625 0.334375
2 0.57578125 0.26015625 0.2109375 0.24375
2 0.71640625 0.2953125 0.203125 0.35625
2 0.21484375 0.2609375 0.153125 0.3296875
2 0.33203125 0.29921875 0.2234375 0.39375