2 0.459375 0.16328125 0.29375 0.3265625
2 0.65234375 0.21328125 0.18125 0.28125
2 0.353125 0.19765625 0.240625 0.3890625
2 0.790625 0.27109375 0.203125 0.25625
2 0.4984375 0.33828125 0.2234375 0.2796875
2 0.22421875 0.30078125 0.196875 0.4921875
2 0.09375 0.3265625 0.1875 0.421875
2 0.75859375 0.43125 0.2234375 0.425
2 0.8484375 0.4921875 0.234375 0.4359375
2 0.35 0.4578125 0.2296875 0.271875
2 0.94921875 0.61796875 0.1015625 0.2546875
2 0.09765625 0.56015625 0.1921875 0.2734375
2 0.84921875 0.771875 0.2 0.3109375
2 0.5828125 0.76953125 0.278125 0.4125
2 0.70546875 0.790625 0.2 0.3625
2 0.2328125 0.73984375 0.3203125 0.48125
2 0.24453125 0.06875 0.2515625 0.1375
2 0.3859375 0.834375 0.178125 0.2625
2 0.17109375 0.821875 0.278125 0.3015625
2 0.475 0.92734375 0.271875 0.1453125
2 0.678125 0.9625 0.14375 0.075