2 0.3921875 0.26875 0.30625 0.5375
2 0.29453125 0.25859375 0.2453125 0.5171875
2 0.56328125 0.33046875 0.3796875 0.6609375
2 0.81796875 0.38515625 0.3640625 0.6796875
2 0.925 0.5375 0.15 0.68125
2 0.45 0.49921875 0.440625 0.9984375
2 0.078125 0.4171875 0.15625 0.725
2 0.678125 0.6078125 0.3875 0.784375
2 0.2484375 0.6421875 0.31875 0.64375
2 0.1390625 0.6421875 0.2671875 0.590625
2 0.57578125 0.71875 0.3140625 0.5625
2 0.81796875 0.74765625 0.3578125 0.5046875
2 0.90234375 0.7765625 0.1859375 0.446875
2 0.3921875 0.80234375 0.2546875 0.39375