2 0.18203125 0.44765625 0.2421875 0.403125
2 0.88515625 0.42734375 0.2296875 0.3828125
2 0.0953125 0.6546875 0.190625 0.434375
2 0.2640625 0.09140625 0.1859375 0.14375
2 0.46875 0.60625 0.3734375 0.5484375
2 0.0546875 0.1328125 0.109375 0.146875
2 0.7265625 0.61015625 0.2421875 0.36875
2 0.87109375 0.61328125 0.2578125 0.4828125
2 0.3546875 0.7234375 0.2640625 0.4671875
2 0.23828125 0.7609375 0.240625 0.3734375
2 0.93203125 0.6625 0.1359375 0.5
2 0.64765625 0.74765625 0.221875 0.4109375
2 0.85390625 0.153125 0.2140625 0.30625
2 0.5515625 0.21484375 0.2125 0.3875
2 0.0765625 0.32578125 0.153125 0.3359375
2 0.42265625 0.2671875 0.2171875 0.246875
2 0.28671875 0.3078125 0.2140625 0.3546875
2 0.775 0.24921875 0.165625 0.3265625
2 0.66328125 0.2921875 0.2359375 0.390625