2 0.7203125 0.33046875 0.31875 0.6125
2 0.82421875 0.35390625 0.253125 0.60625
2 0.5140625 0.3453125 0.396875 0.690625
2 0.23203125 0.32265625 0.3921875 0.6453125
2 0.07265625 0.3734375 0.1453125 0.73125
2 0.56484375 0.5 0.4453125 1
2 0.94140625 0.62265625 0.1171875 0.7546875
2 0.278125 0.5546875 0.390625 0.8390625
2 0.703125 0.7140625 0.321875 0.571875
2 0.8140625 0.75078125 0.265625 0.4984375
2 0.33828125 0.6984375 0.3171875 0.5796875
2 0.12734375 0.6546875 0.2546875 0.571875
2 0.03203125 0.64921875 0.0640625 0.5109375
2 0.4921875 0.83125 0.25625 0.3375