2 0.4109375 0.16015625 0.2515625 0.3203125
2 0.6109375 0.19453125 0.1453125 0.2640625
2 0.3125 0.22109375 0.1921875 0.365625
2 0.75625 0.2328125 0.171875 0.234375
2 0.47578125 0.33984375 0.1890625 0.25625
2 0.19921875 0.34140625 0.13125 0.478125
2 0.071875 0.38515625 0.1375 0.40625
2 0.746875 0.39609375 0.16875 0.4046875
2 0.84375 0.44375 0.178125 0.415625
2 0.3453125 0.47890625 0.196875 0.246875
2 0.9640625 0.5546875 0.071875 0.246875
2 0.11015625 0.615625 0.1578125 0.2546875
2 0.88359375 0.7203125 0.1609375 0.290625
2 0.61953125 0.75546875 0.2265625 0.384375
2 0.74375 0.759375 0.153125 0.3453125
2 0.26875 0.775 0.2609375 0.45
2 0.18359375 0.08125 0.23125 0.1625
2 0.43359375 0.846875 0.1453125 0.2453125
2 0.21953125 0.86484375 0.2421875 0.2703125
2 0.53671875 0.9359375 0.25625 0.128125
2 0.74453125 0.95234375 0.13125 0.0953125