2 0.0890625 0.66640625 0.1703125 0.6625
2 0.53828125 0.69921875 0.2703125 0.6015625
2 0.9203125 0.7296875 0.159375 0.540625
2 0.15078125 0.803125 0.1609375 0.39375
2 0.30234375 0.81796875 0.16875 0.3640625
2 0.6765625 0.8265625 0.1765625 0.346875
2 0.04375 0.84375 0.0859375 0.3125
2 0.96484375 0.8546875 0.0671875 0.284375
2 0.8125 0.90234375 0.165625 0.1953125
2 0.38359375 0.921875 0.115625 0.15625
2 0.084375 0.17421875 0.1546875 0.3484375
2 0.54375 0.20703125 0.165625 0.4140625
2 0.9234375 0.23203125 0.153125 0.4640625
2 0.40390625 0.2578125 0.1421875 0.515625
2 0.1765625 0.26484375 0.146875 0.5296875
2 0.675 0.290625 0.1609375 0.578125
2 0.3046875 0.3484375 0.1796875 0.696875
2 0.8078125 0.48359375 0.1765625 0.7453125