2 0.42421875 0.1828125 0.1078125 0.16875
2 0.0296875 0.28125 0.059375 0.134375
2 0.471875 0.21875 0.1234375 0.1640625
2 0.903125 0.13828125 0.103125 0.1921875
2 0.3515625 0.26171875 0.1296875 0.2140625
2 0.828125 0.19296875 0.13125 0.1921875
2 0.2734375 0.31953125 0.103125 0.1453125
2 0.93046875 0.22109375 0.0828125 0.1875
2 0.4328125 0.34296875 0.1296875 0.1984375
2 0.8046875 0.2828125 0.14375 0.2125
2 0.19140625 0.44375 0.134375 0.2078125
2 0.0703125 0.4796875 0.140625 0.2
2 0.3375 0.4328125 0.1515625 0.1921875
2 0.50390625 0.425 0.159375 0.2265625
2 0.63515625 0.4109375 0.18125 0.225
2 0.9234375 0.35859375 0.153125 0.2375
2 0.7828125 0.3890625 0.171875 0.209375
2 0.31875 0.05390625 0.0515625 0.0609375
2 0.11640625 0.6546875 0.1734375 0.2296875
2 0.28203125 0.66484375 0.2109375 0.303125
2 0.79921875 0.58125 0.225 0.321875
2 0.4734375 0.6546875 0.2171875 0.328125
2 0.63515625 0.62421875 0.2234375 0.3375
2 0.91953125 0.61796875 0.1609375 0.3640625
2 0.15625 0.85078125 0.2203125 0.29375
2 0.42109375 0.06015625 0.0859375 0.1171875
2 0.35625 0.846875 0.215625 0.296875
2 0.684375 0.0359375 0.096875 0.071875
2 0.55546875 0.84609375 0.2046875 0.3078125
2 0.9203125 0.78046875 0.159375 0.3046875
2 0.196875 0.9859375 0.215625 0.028125
2 0.46796875 0.97109375 0.2359375 0.0578125
2 0.8109375 0.04296875 0.1125 0.0859375
2 0.35859375 0.11328125 0.1015625 0.15625
2 0.7421875 0.06796875 0.1 0.1359375
2 0.0203125 0.20234375 0.040625 0.1078125
2 0.8484375 0.07890625 0.121875 0.1578125
2 0.7328125 0.11171875 0.090625 0.1375