2 0.80546875 0.3984375 0.184375 0.3796875
2 0.1 0.48984375 0.1921875 0.3578125
2 0.93046875 0.5890625 0.1390625 0.4171875
2 0.66875 0.059375 0.16875 0.11875
2 0.54765625 0.6 0.296875 0.5078125
2 0.91796875 0.06171875 0.1640625 0.1234375
2 0.29375 0.64453125 0.190625 0.34375
2 0.15 0.6703125 0.1921875 0.4578125
2 0.678125 0.69765625 0.196875 0.4421875
2 0.79921875 0.7171875 0.1890625 0.3484375
2 0.06640625 0.7328125 0.1265625 0.4859375
2 0.39296875 0.76796875 0.1625 0.390625
2 0.08984375 0.17890625 0.1609375 0.3546875
2 0.4046875 0.2265625 0.15625 0.3671875
2 0.91875 0.25703125 0.1625 0.3140625
2 0.53984375 0.2578125 0.184375 0.2203125
2 0.68046875 0.2765625 0.1640625 0.3328125
2 0.1890625 0.2953125 0.11875 0.3125
2 0.30625 0.3203125 0.18125 0.3671875