2 0.18125 0.453125 0.246875 0.40625
2 0.8828125 0.41953125 0.234375 0.3859375
2 0.09765625 0.6625 0.1953125 0.434375
2 0.25703125 0.0953125 0.1875 0.146875
2 0.4703125 0.60703125 0.38125 0.5515625
2 0.0515625 0.140625 0.103125 0.15
2 0.728125 0.60625 0.246875 0.371875
2 0.86953125 0.60625 0.2609375 0.484375
2 0.35859375 0.72578125 0.2703125 0.4703125
2 0.24296875 0.765625 0.246875 0.3765625
2 0.93125 0.653125 0.1375 0.5
2 0.6515625 0.7453125 0.228125 0.4125
2 0.84765625 0.15 0.2203125 0.3
2 0.54609375 0.2140625 0.2171875 0.3890625
2 0.07578125 0.3328125 0.1515625 0.3375
2 0.41875 0.26875 0.2203125 0.2484375
2 0.28359375 0.3109375 0.21875 0.35625
2 0.7703125 0.24453125 0.171875 0.328125
2 0.659375 0.2890625 0.2421875 0.39375