2 0.89609375 0.5921875 0.2078125 0.68125
2 0.49609375 0.69140625 0.3703125 0.6171875
2 0.12578125 0.759375 0.2515625 0.48125
2 0.89140625 0.7375 0.2171875 0.415625
2 0.75 0.77890625 0.2296875 0.3875
2 0.3828125 0.8328125 0.234375 0.334375
2 0.96953125 0.75859375 0.0609375 0.3234375
2 0.103125 0.89140625 0.115625 0.2171875
2 0.2625 0.91953125 0.196875 0.1609375
2 0.68828125 0.8953125 0.140625 0.1734375
2 0.853125 0.14609375 0.2125 0.2921875
2 0.40625 0.21875 0.234375 0.4359375
2 0.07578125 0.309375 0.1515625 0.484375
2 0.55234375 0.25546875 0.2296875 0.5109375
2 0.77734375 0.24296875 0.2359375 0.4859375
2 0.29140625 0.32421875 0.259375 0.596875
2 0.66640625 0.3375 0.2984375 0.675
2 0.19375 0.5375 0.303125 0.7640625