2 0.01484375 0.4140625 0.0296875 0.309375
2 0.03359375 0.428125 0.0671875 0.315625
2 0.04765625 0.43203125 0.0578125 0.2921875
2 0.07734375 0.44296875 0.0640625 0.325
2 0.10625 0.4515625 0.0703125 0.340625
2 0.13671875 0.47734375 0.0671875 0.378125
2 0.1765625 0.48359375 0.084375 0.4015625
2 0.2203125 0.5171875 0.0953125 0.4328125
2 0.2984375 0.51640625 0.090625 0.4609375
2 0.278125 0.5421875 0.10625 0.4703125
2 0.3671875 0.5640625 0.0984375 0.53125
2 0.35078125 0.58125 0.10625 0.50625
2 0.4375 0.60390625 0.11875 0.578125
2 0.56640625 0.6453125 0.1 0.6390625
2 0.53203125 0.6546875 0.1359375 0.6171875
2 0.67421875 0.6453125 0.125 0.7046875
2 0.68828125 0.67109375 0.1109375 0.653125
2 0.6328125 0.6828125 0.134375 0.63125
2 0.88125 0.6765625 0.1421875 0.6359375
2 0.7703125 0.69140625 0.1609375 0.6109375
2 0.91875 0.703125 0.1625 0.58125