2 0.846875 0.321875 0.29375 0.4546875
2 0.128125 0.5953125 0.25625 0.43125
2 0.95078125 0.50546875 0.0984375 0.4640625
2 0.61875 0.0375 0.203125 0.075
2 0.61875 0.60390625 0.446875 0.621875
2 0.35625 0.71484375 0.290625 0.41875
2 0.2078125 0.75390625 0.321875 0.4921875
2 0.78359375 0.6765625 0.321875 0.5265625
2 0.88671875 0.66796875 0.2265625 0.4234375
2 0.1328125 0.79375 0.2375 0.4125
2 0.4890625 0.79609375 0.265625 0.4078125
2 0.07578125 0.2796875 0.1515625 0.3875
2 0.371875 0.23671875 0.259375 0.434375
2 0.88671875 0.165625 0.1640625 0.33125
2 0.525 0.23671875 0.253125 0.2828125
2 0.68203125 0.221875 0.2609375 0.4
2 0.15625 0.36484375 0.20625 0.3671875
2 0.28828125 0.36171875 0.2875 0.440625