2 0.68046875 0.29375 0.2515625 0.56875
2 0.77734375 0.31015625 0.190625 0.5640625
2 0.49296875 0.32109375 0.3171875 0.6421875
2 0.2265625 0.31171875 0.3125 0.6234375
2 0.06328125 0.39296875 0.1265625 0.6828125
2 0.55078125 0.5 0.3421875 1
2 0.9421875 0.56171875 0.115625 0.7296875
2 0.2890625 0.5734375 0.30625 0.828125
2 0.6953125 0.69765625 0.259375 0.6046875
2 0.79921875 0.72734375 0.2109375 0.5453125
2 0.3546875 0.7015625 0.2578125 0.5859375
2 0.12890625 0.68125 0.2578125 0.58125
2 0.040625 0.68359375 0.08125 0.5390625
2 0.50859375 0.81484375 0.2203125 0.3703125