2 0.9765625 0.42578125 0.046875 0.2296875
2 0.98359375 0.42734375 0.0328125 0.2484375
2 0.95546875 0.45 0.06875 0.29375
2 0.92890625 0.4609375 0.0890625 0.3015625
2 0.9140625 0.4625 0.0734375 0.278125
2 0.8859375 0.471875 0.08125 0.3078125
2 0.85859375 0.47734375 0.0890625 0.325
2 0.828125 0.5 0.0875 0.359375
2 0.78984375 0.503125 0.10625 0.3828125
2 0.746875 0.53203125 0.11875 0.4125
2 0.67265625 0.525 0.1140625 0.4390625
2 0.690625 0.5515625 0.13125 0.4484375
2 0.6046875 0.565625 0.128125 0.50625
2 0.61953125 0.584375 0.1328125 0.4828125
2 0.5359375 0.59921875 0.15 0.55
2 0.41171875 0.62890625 0.1359375 0.6078125
2 0.44375 0.640625 0.16875 0.5890625
2 0.31015625 0.63671875 0.1671875 0.7
2 0.29453125 0.66015625 0.15 0.65
2 0.34609375 0.6671875 0.16875 0.615625
2 0.11171875 0.65234375 0.178125 0.6359375
2 0.215625 0.67421875 0.19375 0.6125
2 0.0859375 0.675 0.171875 0.5875