2 0.425 0.159375 0.29375 0.31875
2 0.63515625 0.19296875 0.178125 0.2921875
2 0.315625 0.19765625 0.2375 0.3953125
2 0.7859375 0.246875 0.203125 0.2640625
2 0.478125 0.334375 0.2234375 0.2890625
2 0.1859375 0.31015625 0.184375 0.51875
2 0.06875 0.34453125 0.1375 0.4390625
2 0.76015625 0.41875 0.2171875 0.44375
2 0.85859375 0.478125 0.2265625 0.45625
2 0.328125 0.46953125 0.23125 0.2796875
2 0.9625 0.6046875 0.075 0.265625
2 0.08046875 0.590625 0.1609375 0.284375
2 0.875 0.77421875 0.196875 0.321875
2 0.5921875 0.78671875 0.275 0.4265625
2 0.7234375 0.80234375 0.19375 0.3796875
2 0.21953125 0.75625 0.3140625 0.4625
2 0.19140625 0.06484375 0.2578125 0.1296875
2 0.3875 0.86328125 0.1765625 0.26875
2 0.16015625 0.846875 0.278125 0.271875
2 0.48828125 0.9453125 0.2796875 0.109375
2 0.70703125 0.97421875 0.1453125 0.0515625