2 0.3421875 0.27578125 0.1953125 0.5515625
2 0.24375 0.28203125 0.1328125 0.553125
2 0.5265625 0.31640625 0.253125 0.6328125
2 0.79296875 0.32109375 0.246875 0.6421875
2 0.95859375 0.44140625 0.0828125 0.678125
2 0.44921875 0.49765625 0.2390625 0.9953125
2 0.03828125 0.5140625 0.071875 0.7265625
2 0.70234375 0.5953125 0.2234375 0.809375
2 0.28359375 0.69140625 0.1953125 0.6171875
2 0.1765625 0.7140625 0.1515625 0.571875
2 0.6234375 0.715625 0.2 0.56875
2 0.871875 0.72109375 0.246875 0.5578125
2 0.96171875 0.7328125 0.0765625 0.534375
2 0.45703125 0.81796875 0.1828125 0.3640625