2 0.36875 0.184375 0.08125 0.159375
2 0.41015625 0.2296875 0.1 0.1515625
2 0.8703125 0.23359375 0.090625 0.1875
2 0.28125 0.24921875 0.096875 0.2046875
2 0.97421875 0.2640625 0.0515625 0.16875
2 0.77421875 0.2734375 0.1015625 0.18125
2 0.190625 0.2921875 0.08125 0.1375
2 0.90234375 0.321875 0.1109375 0.1875
2 0.346875 0.346875 0.1 0.1875
2 0.73359375 0.36015625 0.1125 0.2
2 0.08359375 0.4015625 0.1015625 0.196875
2 0.23359375 0.41875 0.1234375 0.178125
2 0.40234375 0.44375 0.125 0.2125
2 0.5375 0.4546875 0.15 0.20625
2 0.94296875 0.45390625 0.1140625 0.2765625
2 0.840625 0.46015625 0.1203125 0.225
2 0.68984375 0.4625 0.1421875 0.1921875
2 0.2890625 0.03046875 0.0421875 0.0609375
2 0.01875 0.5984375 0.0375 0.2125
2 0.9625 0.61015625 0.075 0.3359375
2 0.13203125 0.6421875 0.165625 0.284375
2 0.66875 0.65859375 0.175 0.303125
2 0.3265625 0.66875 0.165625 0.309375
2 0.4953125 0.66953125 0.171875 0.31875
2 0.8328125 0.7265625 0.203125 0.3484375
2 0.02890625 0.8046875 0.05625 0.2734375
2 0.38984375 0.05703125 0.06875 0.1140625
2 0.171875 0.83984375 0.171875 0.2765625
2 0.6640625 0.06015625 0.078125 0.1203125
2 0.37109375 0.86640625 0.1546875 0.2671875
2 0.9328125 0.8875 0.134375 0.225
2 0.79296875 0.8765625 0.2 0.246875
2 0.79453125 0.08515625 0.0875 0.14375
2 0.3171875 0.1015625 0.078125 0.146875
2 0.715625 0.1171875 0.0734375 0.159375
2 0.8171875 0.16015625 0.096875 0.153125
2 0.69375 0.1734375 0.0703125 0.13125
2 0.95 0.17421875 0.096875 0.153125