2 0.11015625 0.56875 0.2203125 0.684375
2 0.49140625 0.6890625 0.3984375 0.621875
2 0.85703125 0.76796875 0.2765625 0.4640625
2 0.10703125 0.71640625 0.2140625 0.4203125
2 0.2359375 0.765625 0.246875 0.3921875
2 0.5984375 0.834375 0.25 0.33125
2 0.02734375 0.73203125 0.0546875 0.3234375
2 0.87265625 0.9015625 0.1296875 0.196875
2 0.71328125 0.92421875 0.2046875 0.1515625
2 0.29140625 0.88515625 0.1484375 0.178125
2 0.16796875 0.13828125 0.2296875 0.2765625
2 0.60859375 0.22421875 0.2546875 0.440625
2 0.92265625 0.33359375 0.1546875 0.4859375
2 0.46015625 0.2546875 0.2546875 0.509375
2 0.2375 0.2359375 0.2625 0.471875
2 0.71796875 0.33515625 0.2875 0.6
2 0.34375 0.33359375 0.33125 0.6671875
2 0.80390625 0.553125 0.3390625 0.765625