0 0.1768508318031935 0.40452969028743924 0.27353232122152565 0.25736518527287444
0 0.45414717119243064 0.5378950859060125 0.23609622303829686 0.21886497492717538
0 0.6239497460378003 0.6258450299543756 0.23635131455356592 0.22198997492717537
0 0.25570967119243065 0.5321211443649322 0.2579073212215256 0.2569105442066476
0 0.09524937181095215 0.5188529515702104 0.1904987436219043 0.26895590314042084
0 0.7936567260339209 0.7341529381093612 0.2800374127367947 0.26067204169936514
0 0.46626504967134264 0.6964350116119755 0.24413186364518022 0.2409218313536659
0 0.29850346482403334 0.6602294239901033 0.2875628703131401 0.2764788981258558
0 0.5299436230189002 0.3192647578510518 0.2631369551604493 0.24459240063313822
0 0.3259894466563218 0.2851384957768579 0.2725119551604494 0.24486518527287435
0 0.5929543218012538 0.4683220349689405 0.25637677212991117 0.23816054420664745
0 0.3918381030150208 0.4186162370013692 0.25739713819098753 0.25066054420664763
0 0.7656268051313544 0.5594879072305489 0.2740425042520638 0.2636151852728744