0 0.315625 0.7296875 0.2390625 0.4
0 0.6828125 0.7453125 0.2421875 0.4375
0 0.4875 0.8703125 0.2453125 0.259375
0 0.38125 0.109375 0.159375 0.21875
0 0.1359375 0.125 0.1640625 0.24375
0 0.775 0.2203125 0.184375 0.2625
0 0.5046875 0.2234375 0.1765625 0.29375
0 0.234375 0.228125 0.178125 0.303125
0 0.0828125 0.315625 0.165625 0.259375
0 0.915625 0.3125 0.1671875 0.203125
0 0.6453125 0.371875 0.2078125 0.340625
0 0.3546875 0.38125 0.1953125 0.3484375
0 0.1671875 0.50625 0.2234375 0.3171875
0 0.8203125 0.5265625 0.2296875 0.3515625
0 0.5 0.565625 0.2234375 0.41875