0 0.503125 0.8265625 0.1234375 0.346875
0 0.9015625 0.8265625 0.1234375 0.346875
0 0.1125 0.8265625 0.1234375 0.346875
0 0.7640625 0.825 0.121875 0.35
0 0.36875 0.828125 0.1265625 0.34375
0 0.2390625 0.828125 0.121875 0.34375
0 0.6375 0.83125 0.121875 0.3375
0 0.36875 0.1515625 0.1265625 0.303125
0 0.634375 0.1515625 0.121875 0.303125
0 0.5 0.15 0.121875 0.3
0 0.234375 0.15 0.1265625 0.3
0 0.76875 0.1546875 0.1203125 0.3078125
0 0.425 0.484375 0.125 0.3828125
0 0.15625 0.484375 0.1296875 0.3828125
0 0.2859375 0.4859375 0.125 0.384375
0 0.690625 0.4875 0.1265625 0.3765625
0 0.5609375 0.4890625 0.128125 0.3890625
0 0.8234375 0.4921875 0.1234375 0.3890625