0 0.575 0.5765625 0.23125 0.271875
0 0.9515625 0.5765625 0.0953125 0.353125
0 0.28125 0.6015625 0.2546875 0.1875
0 0.490625 0.0671875 0.2109375 0.134375
0 0.6921875 0.675 0.2484375 0.328125
0 0.1375 0.0765625 0.275 0.153125
0 0.8390625 0.7390625 0.2453125 0.365625
0 0.371875 0.7625 0.2609375 0.1984375
0 0.571875 0.8515625 0.1640625 0.2765625
0 0.1359375 0.859375 0.271875 0.28125
0 0.3734375 0.925 0.259375 0.15
0 0.7828125 0.9578125 0.278125 0.084375
0 0.6578125 0.146875 0.3078125 0.29375
0 0.365625 0.153125 0.1703125 0.30625
0 0.2484375 0.165625 0.1453125 0.2515625
0 0.109375 0.2390625 0.2171875 0.23125
0 0.840625 0.2484375 0.2546875 0.2546875
0 0.696875 0.3921875 0.2640625 0.2671875
0 0.2796875 0.403125 0.259375 0.19375
0 0.4828125 0.4453125 0.175 0.340625
0 0.1109375 0.4765625 0.221875 0.346875
0 0.85 0.48125 0.1625 0.215625