0 0.509375 0.65 0.0953125 0.153125
0 0.64375 0.6765625 0.15 0.3734375
0 0.253125 0.6984375 0.13125 0.4109375
0 0.834375 0.709375 0.1140625 0.3515625
0 0.74375 0.78125 0.0859375 0.2734375
0 0.54375 0.8046875 0.1 0.2140625
0 0.4140625 0.8109375 0.1859375 0.2515625
0 0.6546875 0.878125 0.1125 0.16875
0 0.4203125 0.2109375 0.1171875 0.275
0 0.3375 0.375 0.1140625 0.2453125
0 0.4234375 0.3796875 0.096875 0.11875
0 0.5546875 0.459375 0.1765625 0.45625
0 0.74375 0.4640625 0.2234375 0.375
0 0.4265625 0.575 0.1171875 0.290625
0 0.3234375 0.578125 0.0921875 0.259375