0 0.822077634593021 0.4901366550907424 0.35584473081395807 0.5009676104201354
0 0.5408549633339589 0.589537457405326 0.392742158813056 0.5115070041338292
0 0.25306663544604224 0.7249485343270156 0.39666724581902824 0.546027553348041
0 0.7866064872696534 0.7313823933039181 0.4007351903481949 0.4525686517764644
0 0.46912935296097286 0.8009159131535132 0.3770418107891668 0.3734248072769823
0 0.19391245383465353 0.8716095186112499 0.27122560904180576 0.2529966832079957
0 0.21918902393569456 0.1430821042193917 0.27791202013597244 0.2720377816364192
0 0.05472778685347239 0.20079621257261254 0.10654616641250025 0.2859075748547749
0 0.8421537452503474 0.11607434036565281 0.24680749050069473 0.23214868073130562
0 0.627292464665139 0.1547088089341214 0.317084929330278 0.3094176178682428
0 0.37703919794763907 0.20455464350880592 0.3088009570656947 0.39209772456432457
0 0.15102351823611138 0.30580473614626114 0.29768292553055586 0.4508905277074778
0 0.8375915721883335 0.23777363441257798 0.3248168556233331 0.41797101984959484
0 0.591104310789167 0.3291050715495152 0.3632351903481947 0.4508220612059238
0 0.3233739097629865 0.4526325785788285 0.345285277354167 0.4843237659206535
0 0.11672517268076432 0.5123116013239075 0.21919424961875036 0.43162679735218495