0 0.761042519266837 0.4661598246806314 0.349172252045064 0.2996956314911742
0 0.5741837137774183 0.6084133287378212 0.295922883082161 0.401838784088962
0 0.8121096111118511 0.6433029772784191 0.33736623700136903 0.4306728961016706
0 0.5229708355768082 0.11424631737373543 0.16034176959604132 0.143352353895034
0 0.3932545918450144 0.1711702475676633 0.16355769780928658 0.14653190097293473
0 0.6785555943522968 0.1880541899397511 0.21072952916295265 0.37224101298564355
0 0.27400918369002875 0.3512862159110381 0.23985473950865172 0.4071069366867496
0 0.6352936761681813 0.2793883019524599 0.24950252414838783 0.4166455779204517
0 0.4901797529695009 0.32877246753589123 0.24565009844242489 0.39159103084255104
0 0.12742265485628038 0.41637720211132045 0.25484530971256075 0.4231137662320544
0 0.34232126299863075 0.41880890665827286 0.2659458780675961 0.4450433133099551