0 0.14997743992682153 0.541789853895034 0.26693624538508853 0.3858319545436572
0 0.2847706105983668 0.5081978782447633 0.26068624538508856 0.3857228603878557
0 0.7496127185710044 0.7179151663909149 0.283397586728179 0.45797968993316046
0 0.3296809318905505 0.8079409594149212 0.2951339707192703 0.38411808117015767
0 0.8859138452419133 0.6890379642795945 0.21799076273072443 0.47558420129724616
0 0.6208331905633684 0.7719287361969871 0.2489862240610881 0.45425467207625303
0 0.1762832118873688 0.8300147824674042 0.30083853071290695 0.33997043506519165
0 0.4844593385582777 0.8070559383083074 0.26980670671545237 0.3640115016215578
0 0.36704095464672815 0.15331155519228024 0.20323627737108918 0.28161601298564354
0 0.7566125319860006 0.1163526663909149 0.21802493602799872 0.2100137483751469
0 0.49680117998090995 0.14932525892515847 0.2063976400381801 0.28479556006354423
0 0.6220011746499099 0.13431964204118566 0.1997476507001803 0.2503114659077429
0 0.24578302530236504 0.23246149269310407 0.2319430800445434 0.3321069366867496
0 0.11500683465945487 0.2676432418823252 0.23001366931890974 0.32278648376465036
0 0.5562285346117297 0.4144787004831721 0.24171806938254328 0.3666455779204517
0 0.8477262386219111 0.3445515787279353 0.2576339707192702 0.391918313309955
0 0.7050114799490933 0.3873821866834543 0.24818624538508835 0.38550467207625305
0 0.4134410506047301 0.4635593084386912 0.2962612133990879 0.48944787824476316