0 0.6234019915537158 0.7109128901956949 0.3184918680384662 0.535180312689028
0 0.11745821694310954 0.6023275258355556 0.21491222697223938 0.5171550516711113
0 0.33130541976696115 0.7072371506449308 0.40466138558944353 0.38416463297750025
0 0.8516440341775177 0.8329645024685419 0.29671193164496473 0.33407099506291615
0 0.7726244047232663 0.8441559223964239 0.2279337495377817 0.3116881552071522
0 0.8659840158351176 0.19347604274048683 0.21261497492717538 0.2235505220358335
0 0.3420176669304743 0.10945426728618084 0.3932284774344579 0.2058941626127781
0 0.14404683135366608 0.228200348023889 0.18136497492717538 0.22282317021222237
0 0.6436951418576496 0.33507774201930607 0.28521740063313816 0.2502234312301391
0 0.9571713054894186 0.41593423062013973 0.0856573890211628 0.23343205547083343
0 0.3319225675636125 0.3528042237831947 0.4530487244649569 0.5445579255305558
0 0.8355858105039836 0.4662589260992368 0.3288283789920328 0.5202826645126393