0 0.4154234391289722 0.8258675384437538 0.20325700811437955 0.3482649231124924
0 0.8021325064994123 0.8813340456798429 0.2016751428552599 0.23733190864031428
0 0.06866463068369051 0.7335361962910983 0.13732926136738102 0.37332239258219674
0 0.6680575154278661 0.8606253980092635 0.20227516071216733 0.27874920398147296
0 0.28463708929112796 0.8062654466297825 0.20632746103647887 0.3729815558566081
0 0.15859278653118442 0.7699450870642728 0.20320246103647888 0.37281778154634876
0 0.5447563831226179 0.8496192989592032 0.19942289610167058 0.3007614020815936
0 0.44587378733866806 0.1703766135222388 0.1957524253226639 0.30374023292582975
0 0.7060476282480586 0.22780176842890737 0.19311834902377 0.3317014586155702
0 0.5753430990270653 0.1896732473980082 0.19306380194586942 0.3285764586155702
0 0.3180487962671218 0.14647436680159914 0.19515240746575646 0.2693652329258297
0 0.8351623839301012 0.2674109023046768 0.19322744317957116 0.3379514586155702
0 0.42153271185384833 0.4897064676606817 0.21635702597128698 0.41097287878738664
0 0.1616316063339613 0.41665631275401316 0.2195365730491877 0.4142616530976461
0 0.28767590909390484 0.4529766723195231 0.21641157304918773 0.4140978787873868
0 0.6797894967568844 0.5673622354122205 0.2163024788933864 0.4078478787873866
0 0.5537179204579905 0.5326043758467106 0.21964566720498907 0.42051165309764615
0 0.807314478899977 0.6084519821328602 0.2133411201270885 0.4170591044771273