0 0.8245068965087079 0.5200786174037493 0.3509862069825843 0.4830008700597226
0 0.532620774346434 0.603478224545694 0.37413434415250607 0.49601001633625047
0 0.23938106330665976 0.7291016992788192 0.3748980032431156 0.5397600163362505
0 0.772929948858319 0.7588878506862494 0.3855434025944925 0.4338009570656947
0 0.4503106550268291 0.8132909420606247 0.36553881980277686 0.36148954597152816
0 0.17467545535114073 0.8728530056995834 0.26055921915415375 0.2528392849536111
0 0.23063416558343128 0.1384403316876387 0.26998876623205437 0.2561824905006947
0 0.0548353246740408 0.18629986949104163 0.10792514285525985 0.27740026101791676
0 0.8555250714276299 0.12891724848138858 0.23605014285525988 0.25783449696277716
0 0.6403909951287361 0.15995165577583312 0.3057819902574721 0.31990331155166624
0 0.3850410219140973 0.20831380775194414 0.2970615551922802 0.3755143719595836
0 0.15054901947846527 0.2966178140202082 0.29815249675029387 0.4380143719595836
0 0.8437596826295598 0.26793423594486043 0.31248063474088034 0.4009507830537503
0 0.593745640419628 0.3441382857161106 0.35116840259449233 0.4330008700597225
0 0.3221081939903503 0.4536276141727081 0.3299479675293006 0.4699917237831947
0 0.10880935308095982 0.5023599741644443 0.2072547613607904 0.42028005167111127