0 0.41392866255573235 0.782622599681041 0.207379432049634 0.3822059484924896
0 0.8008650412158236 0.7994287517876761 0.20625218936981646 0.28533094849248963
0 0.07029212929663806 0.7174428493911769 0.1405842585932761 0.3776143012176464
0 0.6667082172183689 0.7916476869442463 0.20668854137490716 0.3228309484924896
0 0.2846047892266413 0.7619588975647074 0.2105044320496341 0.3824610400077587
0 0.15840591589755015 0.7410401039331047 0.2042180693825432 0.3788258569772207
0 0.5433798052196416 0.7923488017973745 0.2037817173774524 0.3413258569772205
0 0.4529966359802737 0.13077228362966298 0.20025672803945263 0.26154456725932596
0 0.7118080146403649 0.15287093998836201 0.1944067173774524 0.30574187997672403
0 0.5825023226448192 0.1409765889301952 0.19437035471036168 0.2819531778603904
0 0.3250716306492735 0.11881415969267892 0.19985673870145293 0.23762831938535783
0 0.8410773439688196 0.16632779104652878 0.1944430800445435 0.33265558209305757
0 0.425813781269912 0.43198487089286824 0.2171907840547247 0.42047122303829687
0 0.1656398972788207 0.38766001241783565 0.22344078405472473 0.420981406068835
0 0.29025808927436636 0.41026885180707284 0.22031578405472468 0.4207263145535659
0 0.6812819839274578 0.47825486664080447 0.21711805872054307 0.41422122303829684
0 0.5566274292648213 0.45877102725156726 0.22351350938890652 0.42723140606883503
0 0.8089888132559127 0.5037336145147726 0.2172271467218156 0.42359622303829686