0 0.5975877730277606 0.5160634207592102 0.4452288981258558 0.26817030054229285
0 0.2729682062555709 0.5548067164297292 0.4487176109788373 0.28068848126045226
0 0.7787134040648576 0.4139747216942866 0.42656982633910107 0.2711862162333375
0 0.8565609224072576 0.2628394685710286 0.23843332884638357 0.2482203731437834
0 0.605651640274804 0.2926350111182897 0.4847627595669115 0.230906649878363
0 0.22717964779665137 0.35606923458010187 0.4079107545523465 0.2742021319243821
0 0.5344773899455996 0.910447662371395 0.38964883636823106 0.17910467525721002
0 0.15576661520197935 0.2931056262670414 0.3115332304039587 0.30496125253408274
0 0.7572549073635628 0.13098950487177383 0.22375105172849494 0.1731476502711465
0 0.5169648764847505 0.17178617993259232 0.32705790815498564 0.17999761397040123
0 0.20244303840065977 0.16368174668035032 0.40488607680131955 0.23361349336070064
0 0.5553119741357525 0.08918275819142353 0.3735691953020043 0.16777032474278977
0 0.8367505952767337 0.8362587878528693 0.2846718313536659 0.226618083916172
0 0.1843864617323542 0.9126818071815924 0.30196697994174027 0.17463638563681522
0 0.2654378849310347 0.8673158067888089 0.3415583288463836 0.24882033684303834
0 0.38498951847541407 0.7867475837197802 0.44383153417751764 0.3275271198241338
0 0.8360926803913233 0.6440349264165508 0.30180917022917947 0.38606580678880886
0 0.631603757192643 0.6897281797362005 0.4082744674053281 0.2867021319243822
0 0.17748117616818132 0.7261362948849521 0.35496235233636264 0.2895544211519937