0 0.6202618942018656 0.6035820020168123 0.29301904181102606 0.32860487328446536
0 0.948163026167185 0.5609781468407028 0.1036739476656301 0.37414733020561536
0 0.3386926467621144 0.658587304226715 0.29766176820408996 0.2480104371464357
0 0.4202662683452643 0.10875083121402151 0.2405325366905286 0.17554557526193676
0 0.7575336520237863 0.6894316567280598 0.3244202312312126 0.38682156487037656
0 0.1161849840738101 0.15128898441265973 0.2272736734939967 0.21507796882531943
0 0.8747702997741211 0.736765114657616 0.25045940045175785 0.4225733945717888
0 0.4642526308359246 0.810531852501345 0.30463981029746473 0.26094747972108256
0 0.6798468097327675 0.8605979184570023 0.22684801024099494 0.2788041630859954
0 0.2526164517979073 0.8780921490112643 0.3300038313441521 0.24381570197747138
0 0.5005681043863909 0.93258254307885 0.29035052616718493 0.1348349138423
0 0.8805484048663837 0.9420989267548755 0.23890319026723256 0.11580214649024896
0 0.6008329998588258 0.18984728394779757 0.37041599971765143 0.3215679054675521
0 0.31836911035393445 0.2027743468013618 0.241168115474432 0.3467650113999664
0 0.2062177208490433 0.22761081981405512 0.20333491553090174 0.28498627723940817
0 0.11654754707269796 0.31782092055068933 0.21234589448421431 0.2793918411013786
0 0.8034721524473094 0.24914514633649967 0.3108589891943076 0.31429100100840623
0 0.6959312101845253 0.4065755980618695 0.32426904181102606 0.3307900861577
0 0.29137948905313327 0.4607618094224949 0.30427578925077736 0.25469747972108275
0 0.49955601009982065 0.4815434750295057 0.2525452312312126 0.38179557526193675
0 0.1566698310618035 0.5524908514929388 0.2722052838479312 0.39873170298587757
0 0.8666679153897274 0.47920398693367516 0.21088981029746492 0.25439184110137864