0 0.3164969012801782 0.698465405007558 0.35290502279993274 0.46249708390440103
0 0.6771937366815737 0.78203676820409 0.36671615052387346 0.43592646359182013
0 0.46423455079564563 0.8590249314570917 0.31763452229572964 0.2819501370858166
0 0.47785148441265973 0.13520508376322657 0.21820296882531948 0.22745568401734037
0 0.23635239926336588 0.10869027346576181 0.22895479852673173 0.20318372611071514
0 0.851463219077421 0.3374772992094237 0.25825952229572985 0.3107077997741211
0 0.5833580752619368 0.2642849099868812 0.26022621388164086 0.33883279977412106
0 0.3137996920901144 0.19256401550266689 0.2640067777436113 0.34838981029746474
0 0.1502177933309516 0.234388952503779 0.23907247972108273 0.30336573663405886
0 0.9305830005042031 0.4645395991247191 0.1388339989915938 0.24365753669052861
0 0.6988295279957129 0.44685375725722326 0.3045660757661398 0.39432393657758913
0 0.40895864482389044 0.3739497943712749 0.2956281183407867 0.400027905007558
0 0.2051559376506389 0.44144258930724706 0.31262994804219907 0.3761199681476203
0 0.841383742710533 0.645396215022674 0.31723251457893403 0.41140502076433877
0 0.5253805923618863 0.592365136379945 0.3446226292365502 0.4775760523343699