0 0.7292682777175099 0.5347986440960865 0.29755938539871385 0.2502203653723619
0 0.4549394397707884 0.5097419107256337 0.29819605536065763 0.2658453653723619
0 0.18051244273653796 0.5206044960216354 0.30731638737588024 0.25970445337363446
0 0.9065257974891734 0.6305667721196309 0.1490290434976597 0.20788632001909005
0 0.4438294793141154 0.6970237347230883 0.2845500494291587 0.23757491470399827
0 0.17495214532172665 0.6907715453532719 0.294307051406325 0.2470590027052708
0 0.7345764961200294 0.7800566000954502 0.2963443952845456 0.2970590027052708
0 0.8543134041817941 0.8392872441119948 0.29137319163641173 0.3189703653723619
0 0.665452539543327 0.19515434142263227 0.2860886917107738 0.12202264003818009
0 0.3948853715585494 0.1857589707192703 0.30757105536065776 0.26595445337363455
0 0.6585552352084335 0.3325088907542687 0.2948163873758801 0.2595590027052709
0 0.34273923421985025 0.32414876137808885 0.3040640533834914 0.2565430907065435
0 0.8729599279077904 0.4583826894493582 0.22255938539871387 0.2493476613621805