0 0.6369082310262104 0.5585623134149962 0.45059598704319 0.25817941072563355
0 0.31345214219269224 0.48141582137172545 0.4513970234403845 0.27067941072563356
0 0.8108535641565158 0.5249156614417223 0.37829287168696835 0.2609407840547247
0 0.9150614003691402 0.40585767345635804 0.16987719926171962 0.24280676002545326
0 0.6999532418235519 0.34851569875872307 0.4886176187523077 0.21802712539781516
0 0.3207478007382806 0.2785271787078163 0.41369676434108593 0.26711805872054295
0 0.4724380274455542 0.9122283746817267 0.39578976866002263 0.17554325063654658
0 0.23006463911037328 0.1791078866963623 0.3967490962347737 0.29502488271799765
0 0.8877689127076414 0.24766336545190365 0.2244621745847173 0.16813402402927133
0 0.6454288232558144 0.2042384400859051 0.3295639913621267 0.17245899204327078
0 0.3229950138796606 0.09431581070972529 0.45849002775932124 0.18644986139399722
0 0.705285882170543 0.13935887476126838 0.37856269586563335 0.15741579471672495
0 0.8166886751938008 0.9221680907065437 0.3510384731635295 0.15566381858691258
0 0.16264392041343884 0.8325226933481812 0.23477072794389137 0.25254538669636234
0 0.22758899752676465 0.7739476720241807 0.3433446915466968 0.2413180800445435
0 0.36268588833518095 0.7380476293761798 0.44835116902916294 0.32060668539145176
0 0.8403489019102997 0.7751156561107221 0.3193021961794006 0.38212489337999783
0 0.6262477405869343 0.73330777474536 0.41117254163898187 0.27645669605345197
0 0.1934376357142873 0.6064874520209991 0.32719805983757916 0.28172490404199807