0 0.7467135068807398 0.44606184878638827 0.3195673721020366 0.2662848423243059
0 0.4764201307262027 0.4883636772429858 0.320934382469629 0.2819098423243059
0 0.20298263072620273 0.4947280056995832 0.3331609803961106 0.2790757830537503
0 0.9065779394913882 0.34057164893888814 0.16859134099925868 0.21599128875333343
0 0.4335902073518513 0.3030444262930552 0.3059737638079625 0.2534939015948613
0 0.1708947177194438 0.32481554920256933 0.30679397002851805 0.26286890159486137
0 0.7080639441095367 0.20114939228937442 0.3236684032048142 0.31315984232430577
0 0.8200568047126848 0.15017530585208305 0.32761360942536977 0.3003506117041661
0 0.7437018328942576 0.78745056820118 0.2958578870877776 0.13786890159486145
0 0.4753031474088873 0.8156171614754163 0.33030938246962904 0.2821280478713891
0 0.7130588426962025 0.6519494792953466 0.3203875783225921 0.27565984232430585
0 0.399347657210832 0.6811707327138191 0.32636417624907355 0.272680312689028
0 0.8895777842603237 0.5128830600330548 0.22084443147935245 0.26148693313000015