0 0.19984297838861526 0.591354964665139 0.23379523123121268 0.3705709924005557
0 0.33643292577189676 0.578930312689028 0.2306702312312126 0.37049825721819474
0 0.6799282366340589 0.2342789614340978 0.24110647326811777 0.4425187275829169
0 0.2474643471291677 0.25698127108590296 0.26116136803468076 0.41177787385944464
0 0.8463876945406842 0.22567029369041736 0.23652538908136833 0.4174459924005557
0 0.5390302208490433 0.22631837822784764 0.2093104416980866 0.4324163757593057
0 0.11032836817585509 0.260030923062014 0.21519642065139927 0.42631184612402795
0 0.4005137524190744 0.23245666261277811 0.238589147044463 0.3457164627652779
0 0.5523434360128918 0.8767482572181946 0.1805498629141832 0.24650348556361087
0 0.9252623944136271 0.8443852325200008 0.14947521117274576 0.29164590539458357
0 0.6821373518261422 0.8564188798433683 0.17960898919430762 0.2871622403132633
0 0.8095343097327674 0.8516781348773614 0.1764839891943076 0.2966437302452771
0 0.4132053413027985 0.8468957966371182 0.20570105233436972 0.30620840672576366
0 0.2746888728728296 0.8546160712384028 0.21085898919430762 0.29076785752319445
0 0.6252224099868812 0.580970817057431 0.21101017861449414 0.3544368461240278
0 0.9046328340455752 0.5535420269729174 0.1907343319088497 0.3766027868534724
0 0.7722038258001316 0.559425738219584 0.21522724175455643 0.37325958130638914
0 0.47384192051022495 0.580568160712917 0.2524835890248983 0.47711193313000033