0 0.4713209808785521 0.3183590623108145 0.11978847316352947 0.16950906847545255
0 0.6051743491694344 0.2693231801402715 0.21233212831303164 0.3995155459579185
0 0.21334779457364256 0.3131055675526018 0.20203497840531667 0.43308950956072395
0 0.7945162538575113 0.20428276373200233 0.1732300555186427 0.3721124367663348
0 0.6999838062938348 0.14965342535990958 0.1305233189368778 0.2884593275747511
0 0.4986215653931335 0.159445137264672 0.13609339605020346 0.229685104872647
0 0.36999591764488693 0.17546826033591634 0.22972228253968324 0.2823676187523077
0 0.6071535610741968 0.08081469926171948 0.13953976866002266 0.16162939852343897
0 0.4005965592284955 0.7663750601513462 0.16197357803617649 0.2935869185677376
0 0.31050938464377836 0.6180958513289028 0.1570462461424887 0.2652616594684389
0 0.39568542104097293 0.6001888556478393 0.11758562307124434 0.13513406847545256
0 0.5251306940199323 0.49852862122554303 0.2521141239940949 0.48609339605020363
0 0.714132637264672 0.46307557526762455 0.2879329056109274 0.41369676434108593
0 0.39101411474713804 0.40597778069398194 0.16609987353266967 0.3094121776670361
0 0.2873884669988914 0.4203988309708372 0.13597228253968324 0.2763598457733483