0 0.511761000169636 0.6642302653728992 0.12140875244707061 0.1689893438900784
0 0.6414683475372309 0.7132708221159592 0.21364092558271394 0.3964444056477031
0 0.2512600097882829 0.6691377595669115 0.2023413270339928 0.43045569279472173
0 0.8278622045234725 0.7764480866974355 0.1751587789407587 0.36722826708875866
0 0.729935625212045 0.8329133838735838 0.131696466419554 0.28479620031656905
0 0.5297719341050525 0.8224064782258805 0.13598217313564334 0.22872805674305993
0 0.3996479244864056 0.8061329573761981 0.22835321161023056 0.2813649749271754
0 0.6312650014355803 0.9100953801791671 0.14070438947037936 0.17980923964166565
0 0.46803078130301123 0.21653691145369094 0.16316472122887743 0.2919554824490228
0 0.3685813967267734 0.36349081630997127 0.15593257458692208 0.26364862602253203
0 0.45355659745241284 0.38313337806759606 0.11708335099579195 0.13452341567683304
0 0.5756895469969259 0.48346365017091986 0.2540873655085802 0.48191054420664764
0 0.764280821043543 0.5201693429656415 0.2890774352013608 0.4111266827655918
0 0.4368849965414389 0.5762014164682558 0.16683535825218598 0.3076714106622681
0 0.333378050625123 0.562263285431159 0.13750995680090722 0.2724780567430599