0 0.19375 0.471875 0.2109375 0.2046875
0 0.503125 0.5234375 0.1828125 0.175
0 0.69375 0.5609375 0.18125 0.178125
0 0.3109375 0.571875 0.19375 0.2109375
0 0.1078125 0.6140625 0.2140625 0.2171875
0 0.8921875 0.61875 0.2140625 0.2078125
0 0.565625 0.6703125 0.1828125 0.196875
0 0.3921875 0.68125 0.2171875 0.2234375
0 0.5046875 0.2953125 0.2015625 0.19375
0 0.2984375 0.31875 0.2125 0.190625
0 0.6140625 0.4203125 0.196875 0.190625
0 0.4046875 0.4265625 0.19375 0.203125
0 0.809375 0.459375 0.209375 0.2109375