0 0.6407489348624418 0.314528191836449 0.311183524494124 0.5203317224798536
0 0.12469880498831062 0.3677511022629363 0.23187453279249373 0.5042522045258726
0 0.3467854473099964 0.2893907946885605 0.4017582124568434 0.3553066861791082
0 0.8588897479254076 0.19245424569839167 0.28222050414918487 0.36093854176169426
0 0.7845204004195628 0.19198154702625153 0.22320623735195272 0.3074135659621911
0 0.8978286516689626 0.856434932466675 0.20434269666207464 0.21052038524403188
0 0.37806982948243456 0.8877464814568439 0.3945107070582587 0.17721804761542687
0 0.1754632025080885 0.749128367290051 0.1783654888018452 0.21032039734428026
0 0.6740890340418936 0.6926804629136878 0.2829112788438014 0.2296703610435351
0 0.9730160605873881 0.6446076190385668 0.05396787882522389 0.22867042154477701
0 0.35959955893700285 0.643996481456844 0.44820992781347185 0.51488167407886
0 0.8498135136969545 0.5783099324666751 0.3003729726060911 0.4987657946885605