0 0.1892694947354427 0.502680614166793 0.22941583098930574 0.22320219242562409
0 0.5019149404807166 0.47949868598271655 0.19798402380771343 0.19177038524403187
0 0.6957831151487517 0.4603133905085891 0.19800220452587264 0.19489538524403188
0 0.3147876452029809 0.41434534289316244 0.2138271924256241 0.22936128883482798
0 0.116704669207086 0.3522533672900509 0.23261355386194266 0.2357203731437834
0 0.8897694644848217 0.4208155950344617 0.21693401170746504 0.2262544695529872
0 0.5777330727978821 0.33931002321853815 0.20123628883482816 0.2136635659621911
0 0.40601260890223567 0.31174758371978023 0.23577491529826117 0.2419885538619427
0 0.4834002480550924 0.7075236920328407 0.21996810811666875 0.2106476502711466
0 0.2789581877502421 0.6641453549934108 0.22934310811666875 0.2107021924256241
0 0.6028229346269841 0.5925895593228917 0.21369992739850954 0.20748628883482817
0 0.3951467900131784 0.5679430415653025 0.2106476502711465 0.21996810811666875
0 0.8013876996540988 0.5718690349260032 0.2294521924256241 0.2294521924256241