0 0.6078125 0.465625 0.409375 0.1921875
0 0.2828125 0.4875 0.4078125 0.203125
0 0.8046875 0.5328125 0.390625 0.196875
0 0.903125 0.66875 0.19375 0.2125
0 0.6515625 0.6859375 0.459375 0.1421875
0 0.2703125 0.6921875 0.36875 0.20625
0 0.48125 0.0765625 0.3671875 0.1328125
0 0.171875 0.775 0.34375 0.240625
0 0.828125 0.8171875 0.1953125 0.1359375
0 0.584375 0.8203125 0.3046875 0.121875
0 0.253125 0.890625 0.428125 0.1515625
0 0.6359375 0.8953125 0.35625 0.0984375
0 0.825 0.1 0.3171875 0.1671875
0 0.13125 0.10625 0.2625 0.2125
0 0.225 0.18125 0.3015625 0.19375
0 0.3546875 0.2390625 0.3921875 0.25625
0 0.853125 0.2875 0.29375 0.3359375
0 0.6140625 0.2890625 0.3640625 0.21875
0 0.1578125 0.3375 0.315625 0.23125