0 0.5845238883740709 0.5398934814939327 0.27610123084752425 0.321682778797871
0 0.9392163005403049 0.561482728449817 0.12156739891939025 0.3737240266718391
0 0.2886657513507624 0.5483746296868599 0.28587304573098155 0.24457814485894733
0 0.5541815577118812 0.05714359393116505 0.23336311542376223 0.1142871878623301
0 0.6900695386442234 0.6456655072476879 0.3031746515360968 0.38309851092002345
0 0.20218254809323427 0.06033172212021289 0.29811509618646853 0.12066344424042579
0 0.8305159785700896 0.7188164805758488 0.3076091803920374 0.42085360243529274
0 0.3618552586071565 0.7147651621085749 0.2956845553496284 0.2578434194047544
0 0.5517213451749782 0.8120872169500652 0.21014884863353914 0.30695085697722035
0 0.14997530670039078 0.7947389309045063 0.2547718678708329 0.3355221381909875
0 0.34716281994723464 0.8773607569578239 0.284563516875041 0.20707814485894716
0 0.7493453680404689 0.9072090430033828 0.2899008029025577 0.09221841940475457
0 0.7106895072563942 0.147848471202129 0.3585516322988031 0.295696942404258
0 0.4208631154237622 0.137372969994181 0.22297623084752444 0.274745939988362
0 0.30156747840045356 0.1258932071173034 0.18750995680090715 0.2517864142346068
0 0.1565476442797027 0.1752556072670846 0.2559325745869221 0.2795272297062566
0 0.8667361214142119 0.22634219602810193 0.26652775717157623 0.30969296182840916
0 0.7240526359270002 0.36240672603392093 0.3104762308475243 0.3244887854658308
0 0.30835322485707456 0.3493313518070728 0.29234130054030494 0.2513383278894855
0 0.506121091461963 0.4037006321027559 0.23453377894075852 0.38061149758410406
0 0.14129469962933108 0.41154379363160265 0.2662202885594054 0.3956624127367947
0 0.8669345950901601 0.46043015360444733 0.1989186827542902 0.2530605824314133