0 0.1578125 0.4484375 0.178125 0.3484375
0 0.296875 0.4484375 0.1734375 0.3484375
0 0.696875 0.7640625 0.1734375 0.4234375
0 0.2609375 0.775 0.196875 0.3890625
0 0.8671875 0.778125 0.165625 0.44375
0 0.5578125 0.7859375 0.1390625 0.428125
0 0.1 0.7859375 0.2 0.403125
0 0.4171875 0.7875 0.1875 0.321875
0 0.4640625 0.125 0.1390625 0.25
0 0.8640625 0.1359375 0.1515625 0.271875
0 0.5953125 0.140625 0.134375 0.28125
0 0.725 0.140625 0.1296875 0.28125
0 0.328125 0.171875 0.15625 0.2984375
0 0.1890625 0.1734375 0.165625 0.2859375
0 0.584375 0.4234375 0.15625 0.334375
0 0.884375 0.4265625 0.165625 0.3578125
0 0.734375 0.4328125 0.15625 0.353125
0 0.4328125 0.4359375 0.178125 0.4546875