0 0.33769780529918336 0.25354419827935665 0.28303396005727005 0.4234930839161719
0 0.7046125852960017 0.2791179326630668 0.2928453120623608 0.46104762607064964
0 0.5249807239815463 0.13900095100983118 0.27503855203690736 0.2734567224798535
0 0.3304252718810055 0.8785441982793566 0.18397720003181667 0.23542948165323557
0 0.0919938592855022 0.834947692622016 0.1839877185710044 0.260465843089554
0 0.7343684318905505 0.810577010921898 0.2126476400381801 0.2824681081166688
0 0.4659820585614594 0.7777634691602038 0.20984990404199805 0.31057492739850956
0 0.1991763665659137 0.7433965177575892 0.21308399204327072 0.31996810811666876
0 0.07677848663272883 0.6379636083130605 0.15355697326545767 0.275927216626121
0 0.8852593172342772 0.7348871853935414 0.19004538669636234 0.21984084308955404
0 0.6237774719128222 0.6458600050681655 0.2479317067154522 0.3607930960164204
0 0.3367320052514583 0.6051248789975159 0.235504432049634 0.3669703731437835
0 0.16496718793763926 0.4603658491396784 0.2601771680458161 0.33899081888905724
0 0.8159660665977304 0.5125940288758789 0.2699885200509069 0.3765453610435349
0 0.5011955892743664 0.4373202763417961 0.2707521360598154 0.44217036104353513