0 0.7307471117809268 0.4433202161043589 0.34226257832259216 0.2724589920432706
0 0.5202579625821303 0.364230510741542 0.28335505296925856 0.3841590133672712
0 0.7440262361920376 0.25578385343726795 0.32304226955740667 0.4095953653723618
0 0.5678221360029646 0.8574725280871778 0.158084485014259 0.12983404535327167
0 0.42985324429703864 0.8433543894016331 0.16148288708777744 0.13299540802036275
0 0.7034848168701866 0.7370520347708134 0.1973396405281475 0.3644272213558171
0 0.27754703345833465 0.7070703493793615 0.22507366126333261 0.39596812269254417
0 0.6442847655978716 0.6628509187619047 0.2349954654103696 0.4023272106938169
0 0.4942847655978716 0.6611055107415421 0.23308165089574012 0.3804522106938169
0 0.12171173878393564 0.6911533533577261 0.24342347756787128 0.4087226613621805
0 0.33051479151685303 0.6200976080521794 0.2533544861455548 0.43375902402927125