0 0.8078125 0.5765625 0.290625 0.44375
0 0.5078125 0.6171875 0.3140625 0.4515625
0 0.1984375 0.725 0.3015625 0.55
0 0.7234375 0.80625 0.334375 0.3859375
0 0.396875 0.828125 0.3203125 0.34375
0 0.1125 0.8578125 0.225 0.2734375
0 0.2734375 0.1125 0.240625 0.2234375
0 0.065625 0.13125 0.13125 0.2625
0 0.9 0.15625 0.19375 0.3125
0 0.6796875 0.16875 0.2609375 0.3359375
0 0.4171875 0.2046875 0.25 0.3421875
0 0.1640625 0.2578125 0.259375 0.4015625
0 0.8640625 0.33125 0.265625 0.365625
0 0.6046875 0.3703125 0.296875 0.3921875
0 0.3203125 0.4390625 0.2703125 0.4328125
0 0.090625 0.4546875 0.18125 0.396875