2 0.2453125 0.19791666875 0.24296875 0.232638890625 0.24609375 0.25069444375 0.251953125 0.259722221875 0.3546875 0.285416665625 0.376171875 0.26805555625 0.387890625 0.26944444375 0.3890625 0.24375 0.376953125 0.2375 0.356640625 0.208333334375 0.260546875 0.186111109375 0.251171875 0.1875 0.2453125 0.19791666875
2 0.279296875 0.26527777812500003 0.219921875 0.259722221875 0.2140625 0.26875 0.21171875 0.307638890625 0.215625 0.32708333437500003 0.219921875 0.333333334375 0.28828125 0.339583334375 0.305078125 0.322222221875 0.323046875 0.325 0.3265625 0.314583334375 0.325 0.295138890625 0.321484375 0.290277778125 0.305859375 0.291666665625 0.295703125 0.275 0.279296875 0.26527777812500003
2 0.117578125 0.39027777812500003 0.1140625 0.397916665625 0.10703125 0.43958333125 0.1078125 0.482638890625 0.0984375 0.503472221875 0.1046875 0.53541666875 0.1015625 0.570138890625 0.108203125 0.576388890625 0.11875 0.57708333125 0.12265625 0.570138890625 0.12421875 0.55069444375 0.14375 0.5215277781250001 0.14765625 0.507638890625 0.159375 0.42291666875 0.155859375 0.40555555625000006 0.123828125 0.39027777812500003 0.117578125 0.39027777812500003
2 0.237890625 0.60416666875 0.151953125 0.609722221875 0.141015625 0.6152777781250001 0.1359375 0.6270833312499999 0.13359375 0.65625 0.13515625 0.670138890625 0.141015625 0.68333333125 0.22890625 0.6881944437499999 0.255078125 0.6805555562500001 0.270703125 0.6555555562500001 0.284765625 0.652777778125 0.2859375 0.634027778125 0.280078125 0.626388890625 0.271484375 0.627777778125 0.255078125 0.60833333125 0.237890625 0.60416666875
2 0.376171875 0.538888890625 0.369140625 0.538888890625 0.3640625 0.545138890625 0.367578125 0.5694444437499999 0.377734375 0.56666666875 0.393359375 0.58055555625 0.40390625 0.582638890625 0.501171875 0.551388890625 0.50390625 0.53958333125 0.49765625 0.48680555625000005 0.486328125 0.48194444374999995 0.472265625 0.490277778125 0.394921875 0.5097222218749999 0.387890625 0.515277778125 0.376171875 0.538888890625
2 0.445703125 0.35972222187499997 0.426171875 0.383333334375 0.363671875 0.438888890625 0.35703125 0.45208333125 0.35 0.48125 0.340625 0.48958333125 0.3453125 0.509027778125 0.3515625 0.51180555625 0.358203125 0.50416666875 0.386328125 0.50555555625 0.444140625 0.44166666875000005 0.469140625 0.42222222187499997 0.47109375 0.40625 0.4578125 0.36319444375 0.455078125 0.35833333437500003 0.445703125 0.35972222187499997
2 0.286328125 0.34444444375 0.221484375 0.34305555625 0.21640625 0.353472221875 0.21484375 0.384027778125 0.21875 0.403472221875 0.223046875 0.40972222187499996 0.29453125 0.41319444375 0.299609375 0.411111109375 0.306640625 0.395833334375 0.325390625 0.397222221875 0.32578125 0.367361109375 0.309765625 0.363888890625 0.306640625 0.36805555624999997 0.298828125 0.35 0.286328125 0.34444444375
2 0.510546875 0.4125 0.5015625 0.41180555625000004 0.502734375 0.440277778125 0.513671875 0.438888890625 0.533203125 0.459722221875 0.546875 0.459027778125 0.634765625 0.448611109375 0.6390625 0.44097222187499996 0.63984375 0.429861109375 0.63828125 0.39097222187499997 0.633203125 0.379166665625 0.545703125 0.383333334375 0.526953125 0.3875 0.510546875 0.4125
2 0.716796875 0.49583333124999995 0.711328125 0.49444444374999996 0.647265625 0.5527777781250001 0.63359375 0.57430555625 0.627734375 0.597222221875 0.6140625 0.60625 0.61875 0.628472221875 0.62421875 0.634027778125 0.635546875 0.62083333125 0.654296875 0.622222221875 0.671484375 0.6125 0.723828125 0.561111109375 0.73359375 0.545138890625 0.72890625 0.53125 0.728125 0.515972221875 0.716796875 0.49583333124999995
2 0.693359375 0.636111109375 0.6890625 0.645138890625 0.69296875 0.678472221875 0.703515625 0.702777778125 0.71328125 0.704861109375 0.768359375 0.6625 0.780078125 0.6319444437499999 0.79375 0.621527778125 0.7921875 0.6006944437499999 0.785546875 0.5916666687500001 0.769140625 0.602777778125 0.748046875 0.5958333312499999 0.693359375 0.636111109375
2 0.93125 0.534027778125 0.934375 0.55069444375 0.9734375 0.64375 0.9859375 0.684027778125 0.991796875 0.6944444437499999 1 0.69791666875 0.99921875 0.57569444375 0.972265625 0.5069444437499999 0.948046875 0.488888890625 0.943359375 0.473611109375 0.932421875 0.477777778125 0.92734375 0.48819444375 0.9328125 0.5020833312499999 0.93125 0.534027778125
2 0.969921875 0.23055555625 0.960546875 0.22777777812500002 0.949609375 0.24722222187499998 0.938671875 0.24722222187499998 0.932421875 0.252777778125 0.90546875 0.307638890625 0.88828125 0.354861109375 0.8875 0.38125 0.903515625 0.40277777812500004 0.9140625 0.404861109375 0.921484375 0.4 0.93828125 0.37430555625 0.95390625 0.34375 0.96796875 0.304861109375 0.9703125 0.29652777812500003 0.96875 0.26458333437500003 0.9734375 0.246527778125 0.969921875 0.23055555625
2 0.666015625 0.19861110937499998 0.65625 0.209027778125 0.65625 0.242361109375 0.660546875 0.2625 0.6703125 0.26319444375 0.755859375 0.2375 0.766796875 0.22777777812500002 0.779296875 0.225 0.78515625 0.21875 0.78515625 0.19930555625 0.780859375 0.19305555624999998 0.758984375 0.188888890625 0.666015625 0.19861110937499998
2 1 0.57708333125 0.973046875 0.50833333125 0.959765625 0.49444444374999996 0.947265625 0.488888890625 0.941015625 0.477777778125 0.933984375 0.48055555625 0.933984375 0.4875 0.941796875 0.48333333125 0.94375 0.48819444375 0.937109375 0.490277778125 0.9328125 0.49930555625000006 0.93359375 0.54791666875 0.97109375 0.63819444375 0.9875 0.6881944437499999 1 0.69791666875 1 0.57708333125
2 0.961328125 0.22777777812500002 0.949609375 0.24722222187499998 0.938671875 0.24722222187499998 0.932421875 0.252777778125 0.90546875 0.307638890625 0.88828125 0.354861109375 0.8875 0.38125 0.905859375 0.40555555625000006 0.9140625 0.404861109375 0.924609375 0.395833334375 0.94453125 0.36180555625 0.96796875 0.304861109375 0.9703125 0.29652777812500003 0.96875 0.26458333437500003 0.9734375 0.245138890625 0.969921875 0.23055555625 0.961328125 0.22777777812500002
2 0.6578125 0.257638890625 0.66796875 0.26319444375 0.694921875 0.25694444375000003 0.709765625 0.24722222187499998 0.7109375 0.210416665625 0.70703125 0.196527778125 0.686328125 0.19444444375 0.658984375 0.20277777812500003 0.65625 0.209027778125 0.6578125 0.257638890625
2 0.5109375 0.41319444375 0.51015625 0.432638890625 0.526171875 0.45555555625000005 0.54609375 0.459027778125 0.632421875 0.45 0.6390625 0.44097222187499996 0.6375 0.38958333437500003 0.632421875 0.379166665625 0.619921875 0.379166665625 0.547265625 0.383333334375 0.524609375 0.39027777812500003 0.5109375 0.41319444375
2 0.715234375 0.49583333124999995 0.709765625 0.49583333124999995 0.648828125 0.551388890625 0.634375 0.57291666875 0.627734375 0.598611109375 0.61484375 0.607638890625 0.61953125 0.628472221875 0.62578125 0.63125 0.634765625 0.61944444375 0.655078125 0.622222221875 0.674609375 0.609722221875 0.726171875 0.55833333125 0.73359375 0.545138890625 0.728125 0.529861109375 0.72734375 0.51458333125 0.715234375 0.49583333124999995
2 0.692578125 0.6375 0.6890625 0.65625 0.69296875 0.678472221875 0.702734375 0.701388890625 0.71328125 0.704861109375 0.769140625 0.661111109375 0.779296875 0.627777778125 0.79296875 0.620138890625 0.79296875 0.60625 0.785546875 0.5930555562500001 0.773046875 0.60416666875 0.748046875 0.5958333312499999 0.692578125 0.6375
2 0.50234375 0.41180555625000004 0.503515625 0.438888890625 0.512109375 0.4375 0.533203125 0.459722221875 0.54765625 0.459027778125 0.634765625 0.448611109375 0.63984375 0.43402777812500004 0.63828125 0.39097222187499997 0.633203125 0.379166665625 0.546484375 0.383333334375 0.527734375 0.3875 0.509765625 0.413888890625 0.50234375 0.41180555625000004
2 0.36484375 0.54791666875 0.36484375 0.559027778125 0.369140625 0.56805555625 0.374609375 0.565277778125 0.392578125 0.58055555625 0.40625 0.58125 0.501171875 0.551388890625 0.503125 0.534027778125 0.49765625 0.48819444375 0.486328125 0.48333333125 0.394921875 0.5097222218749999 0.387890625 0.515277778125 0.373046875 0.54305555625 0.36484375 0.54791666875
2 0.421484375 0.388888890625 0.3609375 0.442361109375 0.34921875 0.48541666875 0.344921875 0.4875 0.34296875 0.49652777812500004 0.345703125 0.50416666875 0.350390625 0.5 0.352734375 0.50416666875 0.37890625 0.507638890625 0.390234375 0.501388890625 0.442578125 0.44305555625000004 0.4703125 0.420138890625 0.471875 0.41041666875000005 0.457421875 0.3625 0.451171875 0.35833333437500003 0.442578125 0.3625 0.421484375 0.388888890625
2 0.248046875 0.190277778125 0.24453125 0.20069444375 0.24453125 0.246527778125 0.251953125 0.259722221875 0.35546875 0.285416665625 0.375390625 0.26944444375 0.385546875 0.270833334375 0.3890625 0.26597222187499997 0.3890625 0.245138890625 0.376171875 0.236111109375 0.357421875 0.208333334375 0.260546875 0.186111109375 0.248046875 0.190277778125
2 0.271875 0.310416665625 0.271484375 0.29305555625 0.24453125 0.29375 0.246484375 0.308333334375 0.271875 0.310416665625
2 0.283984375 0.34444444375 0.222265625 0.34305555625 0.215625 0.357638890625 0.21484375 0.384027778125 0.221484375 0.40833333125 0.29375 0.41319444375 0.301171875 0.40972222187499996 0.306640625 0.395833334375 0.324609375 0.397222221875 0.3265625 0.370138890625 0.316015625 0.3625 0.306640625 0.36805555624999997 0.297265625 0.348611109375 0.283984375 0.34444444375
2 0.117578125 0.39027777812500003 0.1140625 0.397916665625 0.10625 0.44791666875 0.1078125 0.479861109375 0.0984375 0.5020833312499999 0.1046875 0.5381944437499999 0.10078125 0.56875 0.11484375 0.578472221875 0.121875 0.57291666875 0.12578125 0.54791666875 0.14375 0.5215277781250001 0.15234375 0.48541666875 0.159375 0.42708333125 0.156640625 0.40694444374999994 0.123046875 0.39027777812500003 0.117578125 0.39027777812500003
2 0.146484375 0.686111109375 0.2015625 0.6868055562500001 0.22109375 0.684027778125 0.215625 0.63541666875 0.216015625 0.60555555625 0.151171875 0.609722221875 0.13671875 0.6229166687500001 0.13359375 0.65625 0.139453125 0.68194444375 0.146484375 0.686111109375