2 0.387547659375 0.20420723437500002 0.370384721875 0.17486281875 0.27708340625 0.15203519375000002 0.2676088125 0.15337225625 0.26068848125 0.163775959375 0.254724478125 0.19855514999999999 0.25594578125 0.21666565000000002 0.260832375 0.22574595 0.3603788 0.252091571875 0.38357434375 0.23482039062500001 0.39509073125 0.23628041875 0.3989443375 0.210540540625 0.387547659375 0.20420723437500002
2 0.32475221875 0.291570975 0.32934021874999997 0.2811536125 0.32981906875 0.26166050625000004 0.32682900312499996 0.256769009375 0.3111348625 0.258069634375 0.30277129375 0.24130985625 0.287461840625 0.2314722125 0.228957178125 0.225559221875 0.2221821125 0.23457120625 0.21578230937499998 0.27352554375000004 0.21763579375000003 0.2930323125 0.22125803125000001 0.299320075 0.288630665625 0.3059813 0.307161546875 0.288682790625 0.32475221875 0.291570975
2 0.0950847125 0.542976121875 0.09969826875 0.536040325 0.103286890625 0.516565434375 0.12577359375 0.48745329687499994 0.13111347812500002 0.473558928125 0.15163641875 0.388732675 0.149953759375 0.371315753125 0.1196765 0.35582016250000004 0.11345695 0.355783728125 0.10915948125 0.36341766249999996 0.09780448124999999 0.40512809687500007 0.09407865 0.44827579687499997 0.08257031875000001 0.46909685625 0.08544873124999999 0.501142721875 0.07870728125000001 0.5359173562499999 0.08466185625 0.5422187843749999 0.0950847125 0.542976121875
2 0.21992627812499999 0.647453584375 0.23808995937500002 0.6224938156250001 0.25237448125 0.6197923656250001 0.25550174999999997 0.6010110531249999 0.2504698875 0.593322471875 0.2417727375 0.594664084375 0.22748015625 0.575084440625 0.210812190625 0.570809103125 0.12471230312499999 0.575874971875 0.11324702187499999 0.5813780687500001 0.10695886875 0.59317803125 0.10157593125 0.62239036875 0.10167815 0.636316621875 0.10612894375 0.6495720625 0.193082940625 0.6549554375 0.21992627812499999 0.647453584375
2 0.48228672812499995 0.50764516875 0.48158731875000005 0.45472359687499997 0.47082281875 0.44978655625 0.45595722812500006 0.45805486249999994 0.376956553125 0.47708797187499996 0.369378490625 0.482613840625 0.35524729375 0.5062046687499999 0.3482503 0.506163678125 0.34254321249999997 0.5123967875 0.34349954375 0.5367722781250001 0.35389684374999997 0.5340480624999999 0.367993053125 0.548056290625 0.378270640625 0.550205346875 0.47833090624999997 0.519458803125 0.48228672812499995 0.50764516875
2 0.340997759375 0.47130705937500006 0.36884046875 0.47286273437500004 0.433053590625 0.40918090625000003 0.45996553125000006 0.389842646875 0.46357971249999996 0.37384931875 0.45486644062500003 0.330628753125 0.45265381875 0.3257418125 0.443179228125 0.327078871875 0.42127359374999995 0.35062415625 0.35326741250000004 0.40592837187499997 0.345279103125 0.41911094374999996 0.335231503125 0.448295953125 0.325030575 0.456591584375 0.327661503125 0.47610290937500005 0.33359051875 0.478922775 0.340997759375 0.47130705937500006
2 0.30101728437499997 0.362452759375 0.319530671875 0.363953778125 0.32304263125 0.33403419687499997 0.3074682 0.33046155 0.303922625 0.334618471875 0.29803665625 0.31648064374999996 0.286178621875 0.3108409125 0.22179604999999997 0.309071184375 0.21565316562499998 0.319479434375 0.21090240625 0.350088040625 0.21275588750000002 0.36959481250000004 0.21637812812499999 0.375882575 0.287151071875 0.379778590625 0.292422353125 0.37772061875 0.30101728437499997 0.362452759375
2 0.629038040625 0.39849221562500003 0.631550625 0.3595151125 0.6277320093750001 0.347655934375 0.5402224999999999 0.351320984375 0.521128046875 0.35538681875 0.502186921875 0.380342034375 0.493318953125 0.3795938 0.49150714375 0.40813077499999995 0.5025366250000001 0.40680282187500005 0.519793715625 0.42779239375 0.5334716187499999 0.427176240625 0.62202355 0.41725075624999997 0.6270984625 0.40962137500000007 0.629038040625 0.39849221562500003
2 0.604787896875 0.5898278718750001 0.623301284375 0.59132889375 0.641421915625 0.58168709375 0.698885528125 0.5304988125000001 0.71027414375 0.51455103125 0.707062153125 0.500606559375 0.70788264375 0.48529315000000006 0.69871608125 0.46504725 0.6934192375 0.46362365937499994 0.623567634375 0.52170219375 0.607710728125 0.5431940625 0.5994829968750001 0.566123190625 0.584933496875 0.575089628125 0.5872738875 0.59738438125 0.592134925 0.602983121875 0.604787896875 0.5898278718750001
2 0.76277175625 0.57056118125 0.75710771875 0.561476328125 0.7396192625 0.5725144 0.7193546125 0.56543285625 0.66072080625 0.6054737593749999 0.655500628125 0.614494853125 0.655901440625 0.647918765625 0.663854765625 0.6723352499999999 0.673354909375 0.6744797499999999 0.732595340625 0.63235355625 0.747452871875 0.601804159375 0.7621476406250001 0.591446003125 0.76277175625 0.57056118125
2 0.9295657875 0.45943679687500005 0.926499059375 0.44410060937500007 0.91517904375 0.44821199062500006 0.90903615625 0.45862024375 0.913025596875 0.47256926562499996 0.9081295687500001 0.5045695875 0.9094961406250001 0.521288371875 0.9386354499999999 0.61476095 0.9468618125000001 0.65519353125 0.9516031375 0.665665546875 0.95940313125 0.66919265625 0.971409175 0.54671725 0.951778075 0.47767026562500003 0.9295657875 0.45943679687500005
2 0.8942580343750001 0.372890909375 0.9045356281249999 0.3750399625 0.912429778125 0.37021223124999997 0.9318322562500001 0.344563440625 0.95057700625 0.31403681250000004 0.9686384718750001 0.27515079062500003 0.971842403125 0.26681417500000004 0.973628653125 0.2347956375 0.9801817875 0.21673067812500002 0.9783538593750001 0.200705471875 0.96931506875 0.197867390625 0.956397115625 0.21728762499999998 0.9455129031249999 0.21722386249999998 0.9387122874999999 0.2227542875 0.90615243125 0.27756987187500004 0.884109590625 0.32478795312500003 0.8805720750000001 0.35122597187500004 0.8942580343750001 0.372890909375
2 0.7957231625000001 0.187798778125 0.797756896875 0.168314778125 0.7941346593749999 0.1620270125 0.77280203125 0.15772435 0.67926935 0.16692436875 0.6684618 0.1773053 0.66497539375 0.2107064375 0.6671449625 0.23091134375000003 0.676790378125 0.23166413125 0.764607915625 0.20641612812500001 0.776509 0.196737890625 0.789238634375 0.19402733125 0.7957231625000001 0.187798778125
2 0.92536248125 0.45871588750000003 0.91853630625 0.46076474375 0.9133161281250001 0.469785840625 0.90900923125 0.51850039375 0.936884184375 0.609180428125 0.947980896875 0.6593777843749999 0.95940313125 0.66919265625 0.9720413499999999 0.548113515625 0.9524102531249999 0.47906653125 0.940646375 0.465071965625 0.92878834375 0.459432240625 0.9237309281250001 0.448262090625 0.9164434 0.451004528125 0.9157170625 0.4579631 0.923927303125 0.453833496875 0.92536248125 0.45871588750000003
2 0.9045356281249999 0.3750399625 0.9159753531250001 0.36605530625 0.939359209375 0.332074446875 0.9686384718750001 0.27515079062500003 0.971842403125 0.26681417500000004 0.973628653125 0.2347956375 0.9803270562499999 0.215338965625 0.9783538593750001 0.200705471875 0.9700925125 0.19787194375 0.956397115625 0.21728762499999998 0.9455129031249999 0.21722386249999998 0.9387122874999999 0.2227542875 0.90615243125 0.27756987187500004 0.884109590625 0.32478795312500003 0.8805720750000001 0.35122597187500004 0.8962998343749999 0.375688 0.9045356281249999 0.3750399625
2 0.6684618 0.1773053 0.6649323468749999 0.22602440625 0.674458046875 0.23165046562499997 0.701933559375 0.22554488125 0.7177218625 0.21588941875 0.7227376 0.17901581875 0.72030305 0.16507590625 0.699918690625 0.162867640625 0.671836553125 0.17105852187499998 0.6684618 0.1773053
2 0.614515465625 0.347578509375 0.5417773875 0.35133009375 0.51850518125 0.358156584375 0.5025030125 0.381040165625 0.49969183125 0.4005196125 0.513232525 0.42357626249999997 0.5326941749999999 0.427171684375 0.619545953125 0.41862880625 0.6270984625 0.40962137500000007 0.63091845 0.35811884374999997 0.626954565625 0.34765138125 0.614515465625 0.347578509375
2 0.604155721875 0.58843160625 0.624078728125 0.59133345 0.644822225 0.57892188125 0.70150839375 0.527729046875 0.71027414375 0.51455103125 0.706429975 0.49921029062500005 0.7072504656249999 0.48389688125 0.6971611906249999 0.46503814375 0.6917190843750001 0.46500626250000004 0.6252677875 0.520319590625 0.608633440625 0.5418069062499999 0.599337728125 0.5675149 0.585565671875 0.576485896875 0.58805133125 0.5973889375 0.593980346875 0.6002088 0.604155721875 0.58843160625
2 0.762968134375 0.576132590625 0.75696245 0.56286804375 0.743361215625 0.5739288874999999 0.7193546125 0.56543285625 0.65979809375 0.60686091875 0.65433849375 0.625628565625 0.655901440625 0.647918765625 0.6632225875 0.670938984375 0.673354909375 0.6744797499999999 0.733518053125 0.63096639375 0.747111228125 0.5976244625 0.7615154625 0.5900497375 0.762968134375 0.576132590625
2 0.6277320093750001 0.347655934375 0.5409999437499999 0.3513255375 0.521905490625 0.355391375 0.5012642125 0.38172919375 0.494096396875 0.379598353125 0.49242985624999996 0.4067436125 0.5011270062500001 0.40540199687499995 0.519793715625 0.42779239375 0.5342490625 0.42718079375 0.62202355 0.41725075624999997 0.628602240625 0.4026673625 0.631550625 0.3595151125 0.6277320093750001 0.347655934375
2 0.48144204999999995 0.456115309375 0.470677553125 0.45117826875 0.376956553125 0.47708797187499996 0.369378490625 0.482613840625 0.35170171875 0.510361590625 0.34303012499999996 0.515184771875 0.341867990625 0.5263184843750001 0.34519969375000004 0.535389675 0.35093233437500004 0.532638128125 0.367215609375 0.5480517375 0.380748240625 0.548827296875 0.47833090624999997 0.519458803125 0.482090353125 0.5020737625 0.48144204999999995 0.456115309375
2 0.361236853125 0.47490703749999996 0.373163490625 0.4687103625 0.4313534375 0.410563509375 0.461349596875 0.387761909375 0.46392135312500005 0.37802901875 0.454550353125 0.32993061875 0.4487666 0.32571904375 0.439778915625 0.3298440875 0.4160278625 0.3561636875 0.35018319062500003 0.409391715625 0.33401825937499996 0.45246654375000006 0.32952441875 0.45452906249999997 0.326636575 0.46356381874999997 0.32855865624999997 0.471234190625 0.333659121875 0.46708637187499996 0.33555565 0.47127517812499997 0.361236853125 0.47490703749999996
2 0.39879906875 0.211932253125 0.38691548125 0.2028109625 0.37116216562500004 0.174867371875 0.27708340625 0.15203519375000002 0.264208503125 0.15613746875 0.25962050312499996 0.166554828125 0.25482669375 0.21248140000000001 0.260832375 0.22574595 0.36115624375 0.252096125 0.38265163125 0.23620755 0.392613134375 0.23765847187500003 0.39662006562499996 0.23280796874999998 0.39879906875 0.211932253125
2 0.27535495 0.27665965625 0.276782065625 0.25926095625 0.24988761875 0.259799684375 0.25030592500000004 0.27442406875 0.27535495 0.27665965625
2 0.318753228125 0.363949221875 0.323529540625 0.33682218124999996 0.313833015625 0.329106265625 0.303922625 0.334618471875 0.29662703437500004 0.31507981875 0.283846290625 0.31082725 0.22257349375 0.3090757375 0.21443991874999999 0.323650025 0.21090240625 0.350088040625 0.21496850625000002 0.37448175 0.286373628125 0.379774034375 0.294122509375 0.376338015625 0.30101728437499997 0.362452759375 0.318753228125 0.363949221875
2 0.098630290625 0.538819203125 0.10513231249999999 0.51379111875 0.12577359375 0.48745329687499994 0.138102415625 0.45131882812499996 0.151200621875 0.392907815625 0.1505859375 0.372712021875 0.11889905625 0.355815609375 0.11345695 0.355783728125 0.10915948125 0.36341766249999996 0.0961554375 0.41347383125 0.09436918125 0.445492365625 0.08271558749999999 0.4677051375 0.08515819999999999 0.50392614375 0.07807510625 0.5345210875 0.091052225 0.544345065625 0.098630290625 0.538819203125
2 0.104719321875 0.648171240625 0.111280515625 0.652387375 0.166017671875 0.65340431875 0.1857443 0.65073475 0.1853865375 0.6019928718750001 0.188898496875 0.572073290625 0.123934859375 0.57587041875 0.1081721125 0.589007446875 0.10157593125 0.62239036875 0.104719321875 0.648171240625