2 0 0.49030607187499997 0.0023167937499999998 0.49196045 0.032048900000000005 0.49357869687499994 0.050184484375000005 0.48394182812500003 0.05618379999999999 0.47288035624999997 0.075630978125 0.47543053750000003 0.07989904375 0.466839871875 0.078638721875 0.447706384375 0.061556990624999995 0.44115544062499995 0.044166246874999995 0.4131760625 0.0031803499999999998 0.3960645 0 0.39606141875 0 0.49030607187499997
2 0.3052984125 0.28980511875000003 0.304167646875 0.316412584375 0.312524321875 0.3235437625 0.3204694375 0.323139378125 0.338785853125 0.352297028125 0.39546496875 0.374192134375 0.404995596875 0.36996283124999996 0.41037688125000005 0.3160445 0.40704256875 0.303620015625 0.38510984375 0.300243271875 0.347097965625 0.281074190625 0.32506269374999996 0.2915903125 0.31295205937500004 0.286692496875 0.3052984125 0.28980511875000003
2 0.44967471562499994 0.350873840625 0.44735245 0.37012159375000003 0.461820446875 0.39321205625 0.509596434375 0.50310695 0.51731890625 0.511768096875 0.5339378 0.5177299125 0.539440553125 0.5317459437500001 0.548019871875 0.5298115937500001 0.5538990874999999 0.5139227875 0.54805359375 0.50414495625 0.544950015625 0.46046152500000004 0.499360025 0.370878384375 0.480854690625 0.3251196375 0.474032253125 0.32110996875 0.44967471562499994 0.350873840625
2 0.464980634375 0.281541571875 0.46190406875 0.29749195624999997 0.46621532187500003 0.30414826875 0.47832595624999996 0.309046084375 0.48348596875 0.32730031875 0.49335125 0.3410262375 0.514692959375 0.36117993125000003 0.536282946875 0.368794878125 0.5449054531249999 0.38210750625 0.5658099625 0.39819885625 0.573900809375 0.3991485875 0.578314609375 0.3919120375 0.5877844999999999 0.35371555 0.5858643375 0.33958525 0.5040976374999999 0.2775764 0.4825508375 0.28520843125 0.472051353125 0.2730124875 0.464980634375 0.281541571875
2 0.43946135937499997 0.48979360937500005 0.43330823125 0.5216943781250001 0.421533625 0.597858815625 0.42775695625 0.640838846875 0.42350643750000005 0.6681497125 0.4343486625 0.676107465625 0.44058816875 0.6747006625 0.444667315625 0.64950889375 0.45695740625000003 0.630094190625 0.47995878437500006 0.50978925625 0.47798734375 0.502605384375 0.46931356874999997 0.496239190625 0.44355805625 0.483322046875 0.43946135937499997 0.48979360937500005
2 0.388069065625 0.40567961874999997 0.39719896875 0.497935396875 0.40406459375 0.51719205 0.40639631875 0.538857915625 0.416364146875 0.5386909656250001 0.42999147187500003 0.527990090625 0.42819949062499996 0.49649371249999996 0.415350725 0.44391169374999995 0.406291021875 0.426536715625 0.39976813437500003 0.40304186875000003 0.39635691875 0.40103703125 0.388069065625 0.40567961874999997
2 0.790332178125 0.08682533125 0.7645604968749999 0.118295015625 0.802685759375 0.22759188125000002 0.8229560625 0.24521319375 0.82840754375 0.26617565625 0.83398720625 0.26977204062500004 0.8470316 0.25365470625 0.8394373093749999 0.227627471875 0.8423249593750001 0.195075990625 0.8019111531249999 0.079360246875 0.790332178125 0.08682533125
2 0.6035587625 0.537400546875 0.600627928125 0.554705046875 0.6142215281250001 0.5696708125 0.617916128125 0.59657729375 0.632555496875 0.6175486625 0.68104121875 0.652386903125 0.6896205375 0.65045255 0.701302059375 0.6290946 0.705115378125 0.59772138125 0.686044659375 0.5652663687499999 0.641750090625 0.5322571125 0.632245103125 0.53301319375 0.625028653125 0.540188159375 0.61014100625 0.531755546875 0.6035587625 0.537400546875
2 0.519534665625 0.71792773125 0.5064646374999999 0.7375182812500001 0.49072014062499997 0.73968116875 0.49282922500000004 0.7704125687500001 0.510596434375 0.7684871125 0.531792409375 0.78728669375 0.58994503125 0.7783361375 0.59591870625 0.770747884375 0.5924292 0.7160556687499999 0.58768075 0.705337003125 0.535939003125 0.7107616625000001 0.519534665625 0.71792773125
2 0.8168961875 0.623143096875 0.8096972875 0.6490382625 0.814951759375 0.675593046875 0.824671309375 0.687964846875 0.87350785625 0.69637146875 0.89291185 0.683674665625 0.9068130906249999 0.6569618312500001 0.91836643125 0.6529699625000001 0.9227802281249999 0.6457334125 0.9222485718750001 0.6333705125 0.916231709375 0.6257117812499999 0.9033155 0.62446303125 0.879925440625 0.607545121875 0.8620125 0.608116453125 0.8168961875 0.623143096875
2 0.9039280249999999 0.41489176250000004 0.859995125 0.45947153749999997 0.8516303625000001 0.474533771875 0.8475512125 0.49972554062499996 0.8349952937499999 0.512958790625 0.8381582312500001 0.527502375 0.8483662531249999 0.536990090625 0.859679396875 0.5233435562500001 0.876495296875 0.52371305 0.9439288875 0.45996490625 0.9463456156250001 0.449017703125 0.941965534375 0.43058762812499995 0.9287403125000001 0.407910440625 0.920675103125 0.403487490625 0.9039280249999999 0.41489176250000004
2 0.843457096875 0.23157555312500003 0.8470316 0.25365470625 0.830696084375 0.27259454375000003 0.831082009375 0.283603328125 0.8358304593750001 0.294321990625 0.8943096468749999 0.32552006875 0.903814640625 0.32476398125 0.9147850468750001 0.31535564374999997 0.93247534375 0.323849840625 0.9416200437500001 0.308611759375 0.9401627156249999 0.295070590625 0.920963815625 0.27998165625000004 0.91672946875 0.26290569375 0.90359870625 0.24852906562500002 0.8854712093750001 0.23597251562500002 0.8551818062500001 0.225464590625 0.843457096875 0.23157555312500003