2 0.07528825312500001 0.704143728125 0.10181523125 0.698048990625 0.138370090625 0.6718761718749999 0.1503739 0.6400054500000001 0.16570718125 0.6296793375 0.16368183125 0.610225409375 0.15811955625000002 0.60255503125 0.13983224375 0.6093921250000001 0.132185353125 0.59962651875 0.11309778125 0.5939604375 0.0847529375 0.602127675 0.0636301625 0.6256129375 0.047170596875 0.6366268500000001 0.047378084375000004 0.658153275 0.056625503125 0.692925228125 0.06392660312500001 0.703383184375 0.07528825312500001 0.704143728125
2 0.485661178125 0.710005928125 0.506201059375 0.701793234375 0.507307578125 0.6886068 0.493001746875 0.635751978125 0.48311216874999996 0.6336112843749999 0.43226139375 0.668033171875 0.419566009375 0.701288590625 0.411849965625 0.70263236875 0.405013221875 0.711619246875 0.41060515000000003 0.738037565625 0.418499025 0.739472271875 0.42932716875 0.731897365625 0.452317221875 0.737586178125 0.485661178125 0.710005928125
2 0.58367758125 0.6140605781249999 0.612397790625 0.514239771875 0.60799141875 0.46977495312500006 0.6119630500000001 0.458688296875 0.603614696875 0.44405806875 0.595029240625 0.44400805937500004 0.5921048625 0.459266984375 0.57711736875 0.46890075 0.5711500375 0.47928141562500004 0.5437636 0.5999408468749999 0.5337456031250001 0.6262682374999999 0.5392387249999999 0.645048003125 0.56772190625 0.669516584375 0.5736102 0.663995984375 0.58367758125 0.6140605781249999
2 0.565706475 0.71116655 0.573956025 0.718158221875 0.5819980874999999 0.70362346875 0.6040298125 0.706529246875 0.672239178125 0.62638059375 0.6716957875 0.611795834375 0.656115484375 0.5755982625 0.6506421312499999 0.569317125 0.64301500625 0.572050146875 0.625616875 0.592779659375 0.619570509375 0.60802039375 0.600077878125 0.620405365625 0.5829465 0.6453026000000001 0.5757738531250001 0.66123114375 0.573896721875 0.6806623375 0.56306858125 0.688237246875 0.560045396875 0.695857615625 0.565706475 0.71116655
2 0.5414911906250001 0.47910865625000004 0.49898866875000003 0.363597025 0.483872725 0.346844290625 0.475682440625 0.32249391875 0.46943847187500004 0.32245755 0.46034915937500004 0.33282003437499996 0.46906306875 0.359256540625 0.47034745625 0.40370317499999997 0.494572515625 0.47744663750000005 0.50589466875 0.50806450625 0.510933315625 0.5136487468750001 0.5335380468750001 0.49503265 0.5408095 0.486742665625 0.5414911906250001 0.47910865625000004
2 0.490314365625 0.471866940625 0.47538614062500006 0.464142003125 0.465763315625 0.466169034375 0.46718600625000006 0.488396896875 0.463836803125 0.509208246875 0.47066373125 0.6036812125 0.479427025 0.6065097125000001 0.482371171875 0.603749409375 0.48467312500000004 0.5787657937499999 0.490452734375 0.55935733125 0.493920471875 0.503828584375 0.490314365625 0.471866940625
2 0.9164257656249999 0.6687703093749999 0.8998970500000001 0.69089360625 0.881698725 0.808829109375 0.9118318125 0.834696021875 0.9242407125 0.83962883125 0.9435554406250001 0.7147562187500001 0.93526635625 0.682767290625 0.9381709687500001 0.655009740625 0.92288706875 0.6417278375000001 0.9181250593750001 0.6465606312500001 0.9164257656249999 0.6687703093749999
2 0.684144084375 0.42230757187499995 0.69342111875 0.42097288437499997 0.730469946875 0.378138259375 0.7433332874999999 0.341412015625 0.734352625 0.310807784375 0.719493553125 0.2919734625 0.710908096875 0.29192345 0.6701346218750001 0.33751382812499997 0.659593003125 0.3617550875 0.6605908687500001 0.389535371875 0.650039365625 0.40752731875 0.655789359375 0.42422549375 0.6630805750000001 0.42843413124999996 0.67598345 0.41670514687500004 0.684144084375 0.42230757187499995
2 0.5444154 0.189576821875 0.5271951031250001 0.21308481875 0.509767321875 0.21506638437499997 0.5129387249999999 0.246331140625 0.528459728125 0.245032825 0.54435616875 0.261790103125 0.561359128125 0.26536095312499997 0.61208148125 0.259407153125 0.61483790625 0.24761905624999997 0.608939696875 0.19203575625 0.601905346875 0.185745525 0.5444154 0.189576821875
2 0.92958526875 0.27097765625000003 0.94180645 0.26688267187500003 0.9463017062500001 0.257882153125 0.944720946875 0.24537443125 0.9392475906250001 0.23909329375000002 0.9274512312500001 0.23763585625 0.909549209375 0.213923278125 0.88872280625 0.205469628125 0.8431379031249999 0.224646221875 0.8358763343750001 0.23918552499999998 0.835313209375 0.266956715625 0.8466254781250001 0.291325271875 0.8925957062500001 0.29645358125 0.909934565625 0.293082765625 0.92958526875 0.27097765625000003
2 1 0.435597140625 0.9965203062500001 0.42690459062499997 0.9208220468749999 0.377858325 0.9046983875000001 0.38193057812500003 0.8914991062500001 0.370743903125 0.8832792062499999 0.382500175 0.8826963125 0.39777273750000003 0.8970218781250001 0.408271609375 0.9052121625 0.43262198124999995 0.915813084375 0.44587660625 0.9656462937500001 0.480884971875 0.9836965 0.48862809062499996 0.99071108125 0.48241969375 0.9996027906249999 0.4567801 1 0.44974032499999994 1 0.435597140625
2 1 0.5726389468749999 0.9929439500000001 0.5782546281250001 0.980791921875 0.571240225 0.9715148906250001 0.572574909375 0.920506046875 0.61671694375 0.9177496218750001 0.628505034375 0.9192414624999999 0.6396235124999999 0.9381709687500001 0.655009740625 0.938467371875 0.67792540625 0.95078735625 0.681468975 0.97816398125 0.6642694 0.993487378125 0.647693971875 1 0.6366544968750001 1 0.5726389468749999