2 0.3707427125 0.225264209375 0.345298246875 0.20014233125 0.24642393437500001 0.19550404999999998 0.23743821562499998 0.1985607875 0.23359541875 0.20989192499999998 0.23773279062500002 0.244570521875 0.244167115625 0.261822003125 0.25162095 0.26967478125 0.357687678125 0.276544184375 0.375646896875 0.25555089375 0.387459390625 0.2548131 0.38384311875 0.229252125 0.3707427125 0.225264209375
2 0.333841403125 0.32128894375 0.3353732875 0.31037942812499997 0.3302216375 0.29147659375 0.325852509375 0.287313034375 0.31070435937499996 0.291494078125 0.297595228125 0.276877721875 0.279613321875 0.270237065625 0.22003848124999997 0.27543684687500003 0.21593775312500002 0.2853977 0.220848921875 0.324187140625 0.22831147812500002 0.342668359375 0.23370884374999998 0.34806165624999996 0.302271146875 0.34193082812500003 0.31560854374999997 0.3217807625 0.333841403125 0.32128894375
2 0.17922140625 0.6067453875 0.18178326875 0.599191303125 0.17971284062499998 0.5797263125 0.1935538875 0.54743699375 0.19482609374999998 0.5330315062500001 0.19064684375000002 0.447336390625 0.183956334375 0.43084031874999995 0.149536615625 0.42152930624999996 0.143374184375 0.4226536125 0.1413264375 0.43082256875 0.142131640625 0.47319579375 0.15089781875 0.515533921875 0.1455231375 0.537774571875 0.15761799062499998 0.5681666937500001 0.16098505937500002 0.602985834375 0.16869333749999998 0.6079575187499999 0.17922140625 0.6067453875
2 0.33285536875 0.684307303125 0.3436186875 0.656831509375 0.356968296875 0.6515612625 0.35464168125 0.6328516843750001 0.347445778125 0.626369184375 0.3392303625 0.62928538125 0.31944293749999997 0.61305276875 0.30172245000000003 0.612033771875 0.21802071875 0.632974084375 0.2082681875 0.6404227375 0.205453625 0.652983609375 0.208559275 0.6821810937499999 0.212679196875 0.695602815625 0.220906825 0.707566428125 0.3084688 0.6965518687500001 0.33285536875 0.684307303125
2 0.552017209375 0.5004625375 0.53605338125 0.449516225 0.523981209375 0.44675805 0.511663328125 0.4575094125 0.43901425312500003 0.490606603125 0.433113240625 0.49735256562499996 0.42594351250000007 0.5227553875 0.419010775 0.52402023125 0.41516449062499994 0.5310999875 0.42314465625000003 0.554447453125 0.43264274687500004 0.5498799 0.45062814375000004 0.560771928125 0.461414146875 0.5609300875 0.551513559375 0.5126017968750001 0.552017209375 0.5004625375
2 0.40177823124999995 0.49173078124999997 0.4297671125 0.488041684375 0.474904778125 0.41460900624999997 0.495943471875 0.390927875 0.494903025 0.37481831250000003 0.47381198125 0.3347288 0.47021315625 0.33042470625 0.461227434375 0.333481440625 0.44635466562500004 0.360289646875 0.3950475875 0.42634387812499996 0.39095035 0.44055610312500004 0.38943417187499996 0.47059681875 0.38173810937499997 0.48050495 0.389970975 0.498845634375 0.39664926875 0.500461890625 0.40177823124999995 0.49173078124999997
2 0.330819515625 0.3941245 0.34956474375 0.3921218625 0.344404371875 0.362590584375 0.327968309375 0.36204591875 0.3256608875 0.36671890937499996 0.3146047375 0.350310659375 0.301248146875 0.34707815000000003 0.23705496875 0.3573725375 0.233982478125 0.36856312812500003 0.2381163625 0.39899035625 0.24557891875 0.417471575 0.25097628437499997 0.422864871875 0.32210394062500003 0.41343133125 0.32672401875 0.4104624125 0.330819515625 0.3941245
2 0.66567355 0.367756821875 0.656910865625 0.329670075 0.6497114749999999 0.318936196875 0.564211203125 0.3387873125 0.546497696875 0.346271065625 0.534964071875 0.37388739375 0.525976609375 0.37481844375 0.532419659375 0.40269836562499994 0.542945984375 0.399360553125 0.566072559375 0.416401290625 0.579423915625 0.413256734375 0.664148646875 0.38716909374999997 0.6669666999999999 0.3788596 0.66567355 0.367756821875
2 0.6969024375 0.5569432062499999 0.715647671875 0.554940571875 0.73078884375 0.542256778125 0.772855759375 0.482140378125 0.77951835 0.46462544375 0.7723172125 0.451765875 0.768709665625 0.43683334062499996 0.7538002500000001 0.419002090625 0.748150190625 0.41861558125 0.695818365625 0.48769144375 0.68633598125 0.5113901937499999 0.684814565625 0.535053840625 0.673010796875 0.546420075 0.681759521875 0.5675013156250001 0.688183378125 0.5719986687499999 0.6969024375 0.5569432062499999
2 0.8476084187499999 0.5088962593749999 0.8393842812500001 0.50118401875 0.8252713406250001 0.515097553125 0.8031834718749999 0.5120406843749999 0.75674219375 0.56161645625 0.7541820718750001 0.5712962375 0.764223946875 0.6034802531250001 0.77913685 0.625562878125 0.7891525500000001 0.62586156875 0.8355920875 0.574160109375 0.8414721593750001 0.5419058875 0.853017996875 0.529169375 0.8476084187499999 0.5088962593749999
2 1 0.38017713125 0.980520621875 0.370551403125 0.97306155 0.35632155625 0.9630510875 0.36239993125000003 0.959978596875 0.373590525 0.9679500375 0.38630955 0.97234185 0.41810705625000005 0.97851824375 0.43398825625 1 0.46662935 1 0.38017713125
2 0.9206215406249999 0.293604753125 0.93140754375 0.29376290312500003 0.9378226749999999 0.287631815625 0.949612484375 0.25926007812499996 0.959344075 0.226303165625 0.965987471875 0.185405653125 0.966750796875 0.1767623625 0.95927776875 0.1455270125 0.9605464843749999 0.12687015 0.9541139062499999 0.111744359375 0.94435439375 0.11069025937500002 0.9371811718749999 0.13184170312500001 0.926396915625 0.1338092375 0.92126620625 0.1404146625 0.904879003125 0.19938926875000001 0.8967019781250001 0.24907060312499998 0.9008323687500001 0.27524645312499996 0.9206215406249999 0.293604753125
2 0.7697445562499999 0.133334253125 0.76613351875 0.11415034375 0.760736153125 0.10875704374999999 0.738393846875 0.108581275 0.64853316875 0.13489726875000002 0.640838853125 0.146931090625 0.64702920625 0.179817796875 0.655005884375 0.198913890625 0.664763653125 0.197842303125 0.744340225 0.157103209375 0.7533189625000001 0.145543715625 0.76512796875 0.14055455 0.7697445562499999 0.133334253125
2 1 0.378899796875 0.9931069062500001 0.37392444999999996 0.9797503187500001 0.370691940625 0.9715244343749999 0.36085401250000004 0.965107559375 0.364859415625 0.966397215625 0.371710809375 0.9733264625 0.3661945875 0.976154984375 0.370639221875 0.9699942937499999 0.373889215625 0.967434175 0.38356899375000003 0.977232078125 0.43138823750000005 1 0.466265490625 1 0.378899796875
2 0.93140754375 0.29376290312500003 0.94013009375 0.282958828125 0.9534535343749999 0.24580325625000002 0.965987471875 0.185405653125 0.966750796875 0.1767623625 0.95927776875 0.1455270125 0.9602885531249999 0.12549987499999998 0.9541139062499999 0.111744359375 0.945124696875 0.11054971875 0.9371811718749999 0.13184170312500001 0.926396915625 0.1338092375 0.92126620625 0.1404146625 0.904879003125 0.19938926875000001 0.8967019781250001 0.24907060312499998 0.9008323687500001 0.27524645312499996 0.9234483156250001 0.295923696875 0.93140754375 0.29376290312500003
2 0.640838853125 0.146931090625 0.651407059375 0.194609796875 0.6624527375 0.19826391875 0.687867540625 0.18724909375 0.7006978 0.174986915625 0.695018075 0.1384637 0.688587240625 0.125463596875 0.667787284375 0.1271324375 0.642374228125 0.14027295 0.640838853125 0.146931090625
2 0.6366163 0.32132534687500003 0.565751809375 0.338506234375 0.54470264375 0.3494332375 0.535478190625 0.374502265625 0.538318925 0.39382671875 0.558366028125 0.413555296875 0.5786536124999999 0.41339727187499997 0.6620956687499999 0.388960990625 0.6669666999999999 0.3788596 0.655882628125 0.3284403375 0.64894116875 0.319076734375 0.6366163 0.32132534687500003
2 0.69587420625 0.5557134687499999 0.7164179749999999 0.554800034375 0.7333541968749999 0.538954065625 0.774650809375 0.478978209375 0.77951835 0.46462544375 0.7712889781250001 0.45053613437499995 0.7676814281250001 0.43560359687499994 0.752259640625 0.419283165625 0.7468675124999999 0.420266934375 0.69710104375 0.486040090625 0.686848353125 0.5098793781250001 0.6850724968749999 0.536424115625 0.674039034375 0.54764981875 0.6825298281250001 0.5673607781250001 0.6892081250000001 0.56897703125 0.69587420625 0.5557134687499999
2 0.8494104468750001 0.5142368375 0.8396422125 0.502554296875 0.829380796875 0.51576514375 0.8031834718749999 0.5120406843749999 0.75622981875 0.563127278125 0.756245525 0.582258471875 0.764223946875 0.6034802531250001 0.778108615625 0.624333140625 0.7891525500000001 0.62586156875 0.836104459375 0.5726492875 0.8399280593749999 0.5379355875 0.8519897593750001 0.527939634375 0.8494104468750001 0.5142368375
2 0.6497114749999999 0.318936196875 0.56498150625 0.33864677187500003 0.5472680000000001 0.346130528125 0.5344517 0.37539821562500003 0.526746915625 0.37467790624999997 0.53293203125 0.40118755000000006 0.5411474468749999 0.398271346875 0.566072559375 0.416401290625 0.580194221875 0.413116196875 0.664148646875 0.38716909374999997 0.666447346875 0.37186766250000003 0.656910865625 0.329670075 0.6497114749999999 0.318936196875
2 0.5363113125 0.450886503125 0.52423914375 0.448128328125 0.43901425312500003 0.490606603125 0.433113240625 0.49735256562499996 0.42363609062499996 0.527428378125 0.41645065625 0.5337000062499999 0.41851410937500005 0.54466224375 0.42442733125 0.5527960968750001 0.4293036 0.549071771875 0.449857840625 0.560912471875 0.463467128125 0.5591381906249999 0.551513559375 0.5126017968750001 0.550215178125 0.49512195937500003 0.5363113125 0.450886503125
2 0.42283612187499997 0.491432215625 0.43284484375 0.48322815625000004 0.47362209999999993 0.4162603625 0.49671203124999996 0.38866164687500004 0.49644711875 0.378788615625 0.47329786250000005 0.33411392812499996 0.46636163750000004 0.33112739687500004 0.45866208437499995 0.336784153125 0.44276456875000003 0.366613996875 0.392996353125 0.43026145624999995 0.3894376625 0.474848196875 0.3855878875 0.477676571875 0.38533868125000004 0.486934734375 0.38945336875000003 0.493979390625 0.393301396875 0.48902531875 0.396386103125 0.492714546875 0.42283612187499997 0.491432215625
2 0.38410105 0.23062240312500001 0.369714478125 0.224034465625 0.34606855312499996 0.20000179375 0.24642393437500001 0.19550404999999998 0.2348728625 0.20186350000000003 0.233340978125 0.21277301875000001 0.2418527125 0.25799224062500004 0.25162095 0.26967478125 0.35845798125 0.276403646875 0.375134528125 0.2570617125 0.38540641249999996 0.256604996875 0.38797001875000003 0.251176596875 0.38410105 0.23062240312500001
2 0.2806782 0.31610625937500003 0.27706890624999997 0.299048034375 0.250622378125 0.304581740625 0.25525641875 0.31861833125 0.2806782 0.31610625937500003
2 0.348794440625 0.3922624 0.34569054062500004 0.36519060625 0.3338728125 0.359551334375 0.3256608875 0.36671890937499996 0.3128062 0.349221453125 0.29893723125 0.34749976562499996 0.237825275 0.357232 0.23398596875000002 0.372814509375 0.2381163625 0.39899035625 0.24917774375 0.42177566874999994 0.321333634375 0.41357186874999996 0.328006696875 0.40881105937499995 0.330819515625 0.3941245 0.348794440625 0.3922624
2 0.18152883125 0.602072403125 0.1807375875 0.5767046812500001 0.1935538875 0.54743699375 0.19532101875000002 0.510263809375 0.1914206375 0.451447225 0.184984565625 0.432070059375 0.1487663125 0.42166984375 0.143374184375 0.4226536125 0.1413264375 0.43082256875 0.14290892500000002 0.4815580125 0.150381953125 0.512793359375 0.14526520625 0.5364042875 0.158133853125 0.5709072500000001 0.159956825 0.601756090625 0.17562781875 0.6088183593750001 0.18152883125 0.602072403125
2 0.219108284375 0.706477225 0.226814815625 0.709323221875 0.281250225 0.700100421875 0.29999196562499997 0.6938464125 0.2855722375 0.6468704 0.280411865625 0.617339121875 0.217250415625 0.633114621875 0.205450140625 0.6487322375 0.208559275 0.6821810937499999 0.219108284375 0.706477225