2 0.102734375 0.590277778125 0.083984375 0.584722221875 0.055078125 0.5930555562500001 0.032421875 0.61666666875 0.015234375 0.627777778125 0.0140625 0.6493055562500001 0.02109375 0.684027778125 0.027734375 0.6944444437499999 0.0390625 0.695138890625 0.066015625 0.688888890625 0.104296875 0.6625 0.118359375 0.63055555625 0.134375 0.620138890625 0.13359375 0.6006944437499999 0.128515625 0.5930555562500001 0.109765625 0.6 0.102734375 0.590277778125
2 0.398828125 0.6569444437499999 0.383984375 0.690277778125 0.376171875 0.69166666875 0.36875 0.70069444375 0.37265625 0.72708333125 0.38046875 0.7284722218749999 0.391796875 0.7208333312499999 0.414453125 0.726388890625 0.449609375 0.698611109375 0.470703125 0.690277778125 0.47265625 0.67708333125 0.46171875 0.6243055562500001 0.451953125 0.622222221875 0.398828125 0.6569444437499999
2 0.572265625 0.447222221875 0.556640625 0.45694444375 0.55 0.467361109375 0.51484375 0.58819444375 0.503125 0.61458333125 0.507421875 0.63333333125 0.534375 0.657638890625 0.540625 0.65208333125 0.55390625 0.60208333125 0.5890625 0.5020833312499999 0.5875 0.457638890625 0.5921875 0.446527778125 0.584765625 0.43194444374999996 0.576171875 0.43194444374999996 0.572265625 0.447222221875
2 0.597265625 0.58055555625 0.590234375 0.5958333312499999 0.569921875 0.60833333125 0.551171875 0.63333333125 0.54296875 0.6493055562500001 0.53984375 0.66875 0.528515625 0.676388890625 0.525 0.684027778125 0.5296875 0.69930555625 0.5375 0.70625 0.546484375 0.69166666875 0.568359375 0.6944444437499999 0.641796875 0.613888890625 0.6421875 0.59930555625 0.62890625 0.5631944437499999 0.623828125 0.55694444375 0.616015625 0.559722221875 0.597265625 0.58055555625
2 0.4484375 0.321527778125 0.45546875 0.347916665625 0.45390625 0.392361109375 0.4734375 0.465972221875 0.4828125 0.49652777812500004 0.4875 0.5020833312499999 0.511328125 0.48333333125 0.519140625 0.475 0.5203125 0.467361109375 0.48515625 0.352083334375 0.47109375 0.335416665625 0.464453125 0.311111109375 0.458203125 0.311111109375 0.4484375 0.321527778125
2 0.4453125 0.47708333124999996 0.440625 0.49791666875 0.44140625 0.592361109375 0.45 0.595138890625 0.453125 0.592361109375 0.45703125 0.567361109375 0.4640625 0.54791666875 0.47109375 0.492361109375 0.46953125 0.46041666875000004 0.455078125 0.45277777812500003 0.4453125 0.454861109375 0.4453125 0.47708333124999996
2 0.83984375 0.795138890625 0.868359375 0.8208333343750001 0.88046875 0.82569444375 0.9078125 0.70069444375 0.9015625 0.66875 0.90625 0.640972221875 0.891796875 0.627777778125 0.88671875 0.632638890625 0.88359375 0.654861109375 0.865625 0.67708333125 0.83984375 0.795138890625
2 0.701953125 0.279166665625 0.658203125 0.325 0.64609375 0.34930555625 0.6453125 0.377083334375 0.63359375 0.395138890625 0.63828125 0.41180555625000004 0.6453125 0.415972221875 0.658984375 0.40416666875 0.666796875 0.40972222187499996 0.676171875 0.40833333125 0.716015625 0.365277778125 0.73125 0.32847222187499997 0.72421875 0.29791666562499997 0.710546875 0.279166665625 0.701953125 0.279166665625
2 0.506640625 0.23472222187499997 0.522265625 0.233333334375 0.537109375 0.25 0.55390625 0.25347222187499996 0.605078125 0.24722222187499998 0.60859375 0.235416665625 0.60625 0.179861109375 0.599609375 0.173611109375 0.541796875 0.177777778125 0.523046875 0.201388890625 0.50546875 0.20347222187499997 0.506640625 0.23472222187499997
2 0.905859375 0.2 0.885546875 0.19166666875 0.838671875 0.211111109375 0.83046875 0.22569444375 0.828125 0.25347222187499996 0.837890625 0.27777777812500004 0.88359375 0.282638890625 0.901171875 0.279166665625 0.922265625 0.25694444375000003 0.934765625 0.252777778125 0.93984375 0.24375 0.9390625 0.23125 0.933984375 0.225 0.922265625 0.223611109375 0.905859375 0.2
2 0.86875 0.36875 0.8671875 0.384027778125 0.880859375 0.39444444375 0.8875 0.41875 0.897265625 0.43194444374999996 0.944921875 0.46666666875 0.9625 0.47430555625000004 0.969921875 0.46805555625000006 0.98046875 0.442361109375 0.9828125 0.42291666875 0.979296875 0.4125 0.906640625 0.363888890625 0.890234375 0.36805555624999997 0.877734375 0.35694444375 0.86875 0.36875
2 0.966015625 0.563888890625 0.954296875 0.55694444375 0.944921875 0.55833333125 0.891015625 0.602777778125 0.8875 0.61458333125 0.88828125 0.6256944437499999 0.90625 0.640972221875 0.905078125 0.663888890625 0.9171875 0.667361109375 0.945703125 0.65 0.962109375 0.63333333125 0.9734375 0.615972221875 0.97578125 0.59791666875 0.99296875 0.578472221875 0.99296875 0.5645833312499999 0.982421875 0.551388890625 0.966015625 0.563888890625