2 0.48848453780340295 0.21326624275053746 0.10661628875333343 0.15781434523075957
2 0.852145687879653 0.15659664856868505 0.10588893692972227 0.1265643452307596
2 0.46610169794763906 0.25680275519809204 0.11904355357097227 0.15563653859206372
2 0.09197582655673639 0.3329560551888033 0.11962543502986125 0.18063653859206372
2 0.5751857572181945 0.2525906971095037 0.12623911094166687 0.19673513527271586
2 0.03220208947451421 0.37833848755244537 0.0505844943004168 0.16292697510489074
2 0.1797303996950003 0.35052390871793265 0.12580269984750014 0.17798513527271584
2 0.6583983007211808 0.276053353128144 0.09985714247680555 0.13546574855010754
2 0.08758057370694478 0.4121699585081512 0.1353959053945835 0.18807053029369403
2 0.544555312689028 0.3438543145360803 0.12594817021222227 0.18423513527271584
2 0.23274760334222258 0.41693108133331236 0.13873911094166685 0.19768232863402008
2 0.7708268719595835 0.3485221942097187 0.12929137575930588 0.1938469336130419
2 0.881327960865417 0.33817853529129344 0.1416459053945836 0.18854412697434614
2 0.6547303996950002 0.3865172564474919 0.1446254350298613 0.18253092531467213
2 0.5232635005686809 0.4342658269836349 0.1546550516711113 0.21136632033565023
2 0.4147976903481948 0.46504038507222323 0.17347778685347243 0.21591211037760658
2 0.0887820106366671 0.5308015593379881 0.15908928495361133 0.2678531186759763
2 0.16955923195131986 0.5166458161864653 0.15174825721819465 0.22050452199532417
2 0.2938318801277087 0.4948677497995074 0.16373911094166688 0.1995767153566284
2 0.5163523518236112 0.07032172615379792 0.05145470364722229 0.06628877344521678
2 0.914615852392292 0.4951156195243909 0.16722778685347245 0.21543851369695446
2 0.095034623478195 0.6654133576783142 0.1663575775066669 0.3120767153566284
2 0.7897262615865976 0.557400286741186 0.2031302256830557 0.2836682954405411
2 0.3584061392457644 0.6557353174358653 0.21599390159486126 0.3002404888018454
2 0.638128700416181 0.6114221680652095 0.20988937195958357 0.30601689212119326
2 0.5014651550133339 0.6369405410908635 0.21635757750666684 0.3158654888018452
2 0.2402393271254173 0.7388060813333125 0.251459929330278 0.3497202705454317
2 0.9272574034947224 0.6636055103961842 0.14548519301055512 0.2743399170163025
2 0.4392456443766667 0.10815176764564671 0.08386846656500016 0.11865675684847724
2 0.8046278290252783 0.7285415809323271 0.20610975531833375 0.277655093780867
2 0.21886171561506956 0.15540158548249733 0.09331620174736122 0.12249215186945542
2 0.6566280465402089 0.8031127605966768 0.20378484232430588 0.31179329544054113
2 0.19242268901701462 0.8852988825734235 0.21795513867708355 0.2294022348531531
2 0.32305443996694516 0.8629987526992924 0.2566916367772224 0.27400249460141524
2 0.9518236052420835 0.8699505987784665 0.09635278951583288 0.21789974025173783
2 0.7905692482875702 0.9123046261491534 0.23568684612402785 0.17539074770169308
2 0.11998911094166682 0.19626153859206377 0.106325348023889 0.14531434523075956
2 0.5100672906531944 0.13535473030298278 0.100075348023889 0.14484074855010748
2 0.1904834488975696 0.20940200124939984 0.09716855357097236 0.15397895020978147
2 0.8243103221883334 0.09989636267591363 0.07987064437666688 0.08091995850815119
2 0.11842791736243077 0.26321224025173773 0.11591855357097236 0.15539974025173775
2 0.22115287385944465 0.25383908548249734 0.09033667211208343 0.12850535352912934
2 0.038123474733125245 0.2976804834032605 0.06591855357097234 0.15161096680652095