2 0.39076668362794215 0.2844736232404171 0.35596663274411566 0.5465326674922301
2 0.29454678086898023 0.2674615975998539 0.2984064382620396 0.5189127816364192
2 0.5559955359573628 0.35952078080784966 0.44425892808527434 0.6846919470617346
2 0.7928537268213942 0.44260307030215174 0.4077415739468314 0.7016953564911941
2 0.8848287856186786 0.6003856451569266 0.20741402532631242 0.6861302067816443
2 0.42552238466873893 0.5048031240689866 0.5427052306625221 0.9903937518620267
2 0.08824362844870248 0.39633565260503384 0.17648725689740496 0.7301713052100677
2 0.6397752351891374 0.623197867244561 0.46561602894435694 0.753604265510878
2 0.20926886363783975 0.639405064101408 0.3807762822237173 0.6630309627775002
2 0.13046434871137605 0.6299144400324213 0.2609286974227521 0.6035788800648426
2 0.5263125214851844 0.729482100495338 0.3699406015364513 0.5410357990093239
2 0.7589678912274597 0.7672432737785363 0.4102513410210015 0.46551345244292736
2 0.843103873814605 0.8056208771693585 0.23477330619529263 0.3887582456612829
2 0.33175693803895634 0.8031871201400452 0.2928381117132165 0.3936257597199095