2 0.27712690750866037 0.3052181047154544 0.3427982473980082 0.5908583992388783
2 0.1835473258714546 0.3355369574909235 0.2829319244672297 0.5790640533834914
2 0.4673424717330116 0.3190789693539216 0.4215650565339768 0.6381579387078432
2 0.7295901662150877 0.2887309416735927 0.4158196675698246 0.5774618833471854
2 0.8900429873368438 0.3224454139932638 0.2199140253263124 0.6448908279865276
2 0.42223361035847945 0.49554331026639253 0.5117827792830412 0.9910866205327851
2 0.0777421404344901 0.6121869822055028 0.1554842808689802 0.7318760355889943
2 0.6900894957045869 0.51758818175058 0.443891515149547 0.8537987510257642
2 0.2957995058813522 0.6926889298105946 0.3589145703287867 0.6008700692008222
2 0.19235360131336784 0.73276478456323 0.3020227611928181 0.5268303913302128
2 0.6329653132082985 0.6555630256288004 0.3533196675698246 0.6131154012160446
2 0.8309800893275803 0.5960421511045015 0.3033196675698246 0.611078057337824
2 0.9189714122583588 0.5831017993176155 0.12504418136463472 0.5414473537640522
2 0.4825824536427885 0.7879828892786845 0.2824804658516594 0.39194605536065763