2 0.56875 0.1828125 0.06875 0.1359375
2 0.94375 0.196875 0.0796875 0.103125
2 0.534375 0.221875 0.084375 0.128125
2 0.14375 0.225 0.0765625 0.1578125
2 0.64375 0.2375 0.08125 0.1734375
2 0.040625 0.25 0.078125 0.14375
2 0.225 0.2578125 0.0859375 0.153125
2 0.71875 0.275 0.06875 0.115625
2 0.1171875 0.3 0.09375 0.1578125
2 0.5875 0.3203125 0.084375 0.159375
2 0.259375 0.33125 0.0953125 0.16875
2 0.809375 0.365625 0.0859375 0.1671875
2 0.921875 0.3765625 0.1 0.1578125
2 0.684375 0.38125 0.1046875 0.15
2 0.540625 0.403125 0.10625 0.1796875
2 0.425 0.4125 0.1265625 0.175
2 0.0734375 0.4125 0.1171875 0.234375
2 0.16875 0.415625 0.1015625 0.190625
2 0.296875 0.41875 0.1203125 0.1625
2 0.6375 0.0484375 0.0359375 0.0609375
2 0.909375 0.534375 0.11875 0.1796875
2 0.05 0.54375 0.0984375 0.284375
2 0.76875 0.5703125 0.140625 0.240625
2 0.315625 0.584375 0.1484375 0.25625
2 0.6046875 0.59375 0.140625 0.2625
2 0.4625 0.59375 0.1453125 0.2703125
2 0.175 0.6421875 0.171875 0.2953125
2 0.9078125 0.7078125 0.15 0.23125
2 0.55 0.0734375 0.0578125 0.1
2 0.7359375 0.7375 0.1453125 0.234375
2 0.31875 0.078125 0.065625 0.103125
2 0.56875 0.7828125 0.13125 0.271875
2 0.075 0.81875 0.1484375 0.2703125
2 0.209375 0.83125 0.16875 0.3328125
2 0.90625 0.9171875 0.1875 0.165625
2 0.665625 0.928125 0.2 0.14375
2 0.075 0.95625 0.15 0.0875
2 0.209375 0.0984375 0.075 0.121875
2 0.6125 0.1125 0.065625 0.125
2 0.275 0.125 0.0625 0.134375
2 0.9359375 0.128125 0.059375 0.084375
2 0.1890625 0.1625 0.0828125 0.1296875
2 0.29375 0.1734375 0.059375 0.1109375
2 0.0765625 0.175 0.08125 0.1296875