2 0.0328125 0.3859375 0.0296875 0.2265625
2 0.01875 0.3859375 0.03125 0.2453125
2 0.053125 0.4109375 0.04375 0.2890625
2 0.078125 0.425 0.0625 0.2953125
2 0.09375 0.428125 0.05 0.2734375
2 0.1203125 0.4375 0.0546875 0.303125
2 0.146875 0.446875 0.0609375 0.31875
2 0.175 0.471875 0.05625 0.353125
2 0.2125 0.478125 0.0734375 0.375
2 0.253125 0.509375 0.0828125 0.4046875
2 0.3265625 0.509375 0.0765625 0.43125
2 0.30625 0.534375 0.0921875 0.4390625
2 0.390625 0.55625 0.084375 0.496875
2 0.375 0.571875 0.090625 0.4734375
2 0.45625 0.5953125 0.1015625 0.540625
2 0.575 0.634375 0.0828125 0.5984375
2 0.54375 0.64375 0.1171875 0.5765625
2 0.6765625 0.653125 0.10625 0.6921875
2 0.6890625 0.678125 0.09375 0.64375
2 0.6375 0.678125 0.115625 0.603125
2 0.871875 0.6875 0.1234375 0.625
2 0.7671875 0.6984375 0.140625 0.603125
2 0.9140625 0.7125 0.159375 0.575