2 0.8146352954677705 0.3607077107733588 0.27353180546971034 0.4059249253659985
2 0.15752365244499097 0.552871556015272 0.2563762563780957 0.38699311203054415
2 0.9294318927329155 0.5278599427911761 0.1411362145341691 0.4363022213558171
2 0.6029016015172088 0.06165095074790535 0.1933032030344176 0.11152039735836247
2 0.6108398421434889 0.5987327800763602 0.4165160151720874 0.5512021573838158
2 0.846811098183229 0.04731792011454019 0.1873721963664579 0.07710903469127159
2 0.37384976729811925 0.6787089920432707 0.27072579880175035 0.3715499253659985
2 0.24030368578478986 0.7255465346912716 0.30178409335143686 0.48430446403563465
2 0.7607120385099466 0.6754054627625411 0.3007637272903606 0.47180446403563464
2 0.8742657737969012 0.6768417881126313 0.2514684524061977 0.3777999253659985
2 0.169385150029095 0.773473862667091 0.23698826971401524 0.4530522746658182
2 0.5014004245749022 0.7879032733927246 0.2555470800155174 0.4150817493634532
2 0.09671472970625658 0.2477658853437268 0.18373598183228848 0.37678177068745355
2 0.3825246839486221 0.2495305693825432 0.24413134789336474 0.3899726613621805
2 0.8862403889398935 0.20393154678544909 0.22751922212021292 0.33681129869508963
2 0.5223524584944292 0.2605237080680878 0.23577722970625653 0.24938402402927143
2 0.6642848669791602 0.2590532094207233 0.24445034122540504 0.3556340240292714
2 0.18925265819486686 0.34874767735518086 0.19240960910325242 0.33005222135581713
2 0.310075341225405 0.3563976400381801 0.2693864394086338 0.3933885626989076