2 0.80625 0.3984375 0.184375 0.3796875
2 0.1 0.490625 0.1921875 0.3578125
2 0.9296875 0.5875 0.140625 0.41875
2 0.66875 0.059375 0.16875 0.11875
2 0.546875 0.6 0.296875 0.5078125
2 0.9171875 0.0609375 0.165625 0.121875
2 0.29375 0.64375 0.190625 0.34375
2 0.15 0.6703125 0.1921875 0.4578125
2 0.678125 0.696875 0.196875 0.4421875
2 0.8 0.7171875 0.1890625 0.3484375
2 0.065625 0.7328125 0.1265625 0.4859375
2 0.39375 0.76875 0.1625 0.390625
2 0.090625 0.178125 0.1609375 0.3546875
2 0.4046875 0.2265625 0.15625 0.3671875
2 0.91875 0.25625 0.1625 0.3140625
2 0.540625 0.2578125 0.184375 0.2203125
2 0.68125 0.2765625 0.1640625 0.3328125
2 0.1890625 0.2953125 0.11875 0.3125
2 0.30625 0.3203125 0.18125 0.3671875