2 0.340625 0.275 0.19375 0.55
2 0.24375 0.28125 0.1328125 0.553125
2 0.5265625 0.315625 0.253125 0.63125
2 0.79375 0.321875 0.246875 0.6421875
2 0.9578125 0.4390625 0.084375 0.678125
2 0.4484375 0.496875 0.240625 0.99375
2 0.0375 0.5140625 0.071875 0.7265625
2 0.703125 0.5953125 0.2234375 0.809375
2 0.284375 0.690625 0.1953125 0.6171875
2 0.1765625 0.7140625 0.1515625 0.571875
2 0.6234375 0.715625 0.2 0.56875
2 0.8703125 0.7203125 0.246875 0.559375
2 0.9609375 0.7328125 0.078125 0.534375
2 0.4546875 0.8171875 0.184375 0.365625