2 0.8069460526529317 0.44028201463020766 0.26503659593514256 0.4152665497712503
2 0.11556751253641233 0.4097360630702777 0.23113502507282466 0.39302787385944454
2 0.8775072905787379 0.6447500026623604 0.21897994985435076 0.4423005220358336
2 0.7470902971761484 0.08254355623333272 0.19186455423577725 0.15436411094166683
2 0.508876962523777 0.5955566217721524 0.4036852219576744 0.5652691626127779
2 0.945726373977468 0.12476350456222143 0.10436455423577726 0.15232752583555564
2 0.2528088189502678 0.5952709067257637 0.26403638558944353 0.3808915497712501
2 0.12450459184501435 0.5969814899320138 0.2490091836900287 0.49353702013597245
2 0.6163591904204533 0.7117245227983328 0.29185516020004965 0.47834843123013915
2 0.7307111954350182 0.7527833210509716 0.26412731380268895 0.3840165497712501
2 0.06302152256554218 0.6421498259880555 0.12604304513108436 0.503200348023889
2 0.3221090852476038 0.7357491299402774 0.24646845236163317 0.4210801386770836
2 0.15510137397746798 0.14632948613229163 0.23354725204506405 0.29265897226458326
2 0.4531464173926927 0.20337042819291629 0.23636602665567033 0.3958619331300001
2 0.9135717888628783 0.31756925361229094 0.16303617524374445 0.34418902393569456
2 0.5780722095542762 0.25667465330729117 0.22914925705962902 0.25516419794763906
2 0.7111287504622184 0.2988595404657633 0.2354567445232167 0.3646119331300001
2 0.2274189916867298 0.23360736132291646 0.18454746239076308 0.33219817021222237
2 0.33543006848804935 0.2779366299402775 0.2583319548689157 0.399496079406528