2 0.03191261190327407 0.35484400889724854 0.05351275956691144 0.2300350098858317
2 0.022439638163232935 0.3542710059314991 0.04487927632646587 0.2487850098858317
2 0.04988972209068848 0.38217051285158127 0.07095632383181869 0.29317167984777565
2 0.07287258102446167 0.3987505177944971 0.09310410847155477 0.30343801779449714
2 0.08836118870459363 0.40407468775644106 0.07675168276559188 0.27780134783255317
2 0.11304293995823486 0.4160308596955513 0.08391096489804548 0.30930601581733086
2 0.1392871912118761 0.428050698630856 0.09374060596427229 0.3253130177944971
2 0.16503133729266783 0.4572580375661606 0.09161581630997132 0.35956068380210837
2 0.20074151675955446 0.46653487847863157 0.11100231380268877 0.3821996877564409
2 0.23880380641385543 0.5025015533834913 0.12128659593514249 0.4138316897336075
2 0.31210491409398744 0.5101814022046278 0.11888902164110533 0.4387043557412186
2 0.2895479524946472 0.5327275642579063 0.13478680628084144 0.44871602570316255
2 0.3715420985754389 0.5642269150562091 0.13329851411925803 0.5048386917107738
2 0.35394542161583475 0.5775890780980708 0.1357870166265404 0.48309102570316254
2 0.4327691035900038 0.6105235949039848 0.15341243731793847 0.5524776956651063
2 0.5470301803913233 0.6621099526223697 0.14254914515635483 0.6082183596955513
2 0.51555285985821 0.6686491126984819 0.1732535758768826 0.5907416996194392
2 0.6449221111118513 0.6697818952845456 0.17303827870073435 0.6604362094309089
2 0.6551321854058884 0.6951638972617119 0.15595842728880846 0.6096722054765762
2 0.6049957930860203 0.7025479743340185 0.1739810015828457 0.594904051331963
2 0.8374900443396616 0.7142269150562092 0.18317414515635483 0.5715461698875817
2 0.7326206879131709 0.718184903193211 0.19843543230337346 0.563630193613578
2 0.8758251186336986 0.7396725840295698 0.21609429374442896 0.5206548319408604