2 0.017987447710981732 0.6694397467535891 0.035974895421963464 0.2291068474022122
2 0.012033445636389294 0.6712477086041422 0.024066891272778588 0.24791139448011296
2 0.034358731529160705 0.6410147378251354 0.06871746305832141 0.295113676947517
2 0.05147537655013884 0.6249806347408804 0.10295075310027768 0.3016909594149212
2 0.05924552944527948 0.618457899351377 0.10545005228901827 0.2795977711033185
2 0.08519272280658367 0.6055215227281714 0.11383123735195269 0.30783186525911965
2 0.11113991616788788 0.592585146104966 0.124627027393909 0.32674550649282175
2 0.13827110123082229 0.5640237694817606 0.12699501079716943 0.35799550649282175
2 0.17503739542196345 0.5524589780859028 0.14763939751977784 0.3833227889602259
2 0.21369807633571297 0.5158941866900448 0.16250738092303826 0.4147909772718286
2 0.2877275721865281 0.5067998303593789 0.16127676764564675 0.43973643019392783
2 0.2660660597389735 0.483771433443634 0.17761216266662486 0.4493841655834313
2 0.349684043142234 0.45110320941821636 0.1818745327924937 0.5056341655834313
2 0.3335621356737012 0.4373407183466701 0.18334194441021143 0.48381371266133205
2 0.4141735182471247 0.4031645413991531 0.2073015078973844 0.5528909951287361
2 0.5306990900326676 0.3480758465947286 0.20195207968292728 0.605852353895034
2 0.4999226867133196 0.34237131737373544 0.23201808798129697 0.5907728246740408
2 0.6291132792447869 0.3326180365278891 0.24177344151042632 0.6652360730557783
2 0.6403826659673951 0.3074543952941871 0.2192346680652097 0.6149087905883742
2 0.5908562626480472 0.3017089557647684 0.23391247470390547 0.6034179115295368
2 0.8247343551795145 0.28566912419086876 0.2442812896409709 0.5713382483817375
2 0.7187211535198406 0.283525971593081 0.2563076929603188 0.567051943186162
2 0.8625662419021228 0.26047820941821637 0.2686175161957543 0.5209564188364327