2 0.6292396663975055 0.24523996760797506 0.09943871266133186 0.1530830320782579
2 0.9683100746773361 0.356130709431527 0.05519778896022594 0.12215440468807692
2 0.588096469157449 0.27232409931709267 0.11188416558343128 0.15075906847545245
2 0.206647646104966 0.16966735965300903 0.10919554220663671 0.17555880937615384
2 0.6905396306836905 0.31799514959394787 0.11889782467404082 0.19490958667404978
2 0.10034309902706533 0.16598355027685519 0.108977353895034 0.16305880937615386
2 0.2776498928585551 0.2242733189368778 0.11857054220663672 0.1761595866740498
2 0.7552646038983293 0.37376309067921937 0.09286143019392804 0.13393251387966068
2 0.16326011039115104 0.23571386181247736 0.1280546363624381 0.18301036397194573
2 0.6174645949698755 0.3821391903100791 0.11862508928453738 0.17928458667404978
2 0.2950362159110381 0.30359987353266965 0.13134327759614006 0.19258562307124433
2 0.8236952297107558 0.4860814204134389 0.12191373051823931 0.1888598457733483
2 0.9278099853927987 0.5256026002399434 0.13117963636243815 0.18321062307124442
2 0.6973236444834082 0.4670334268918438 0.13732054220663664 0.17736114126984165
2 0.5521475121781598 0.44990887877445696 0.1440614659077429 0.2058866594684389
2 0.4383577475676633 0.4269744216500565 0.16281146590774292 0.20708821406423078
2 0.09588960389832928 0.3315084207272059 0.16691831330995507 0.26353847316352946
2 0.18766800081407417 0.3608535641565158 0.1411001071414449 0.21506140036914018
2 0.31214980357401767 0.39855142812846156 0.15321827759614007 0.19398743676633484
2 0.7265976818187809 0.13416037013658363 0.04802048863591431 0.06862888648947965
2 0.8829496785756653 0.6760241023994118 0.15661601298564348 0.20981269586563336
2 0.061444240260767356 0.4541053115356222 0.12288848052153471 0.3082106230712444
2 0.737528084419864 0.6729620542820248 0.1921365016215578 0.2776405459579184
2 0.2920713084452817 0.5630750030823191 0.20490923701106123 0.29406658235511324
2 0.5720939991925164 0.6514108220191968 0.19564333116686256 0.2997158050572171
2 0.43354969643257285 0.6128117921004073 0.2020024253226639 0.30636632325581453
2 0.14314288474417555 0.5816876958656334 0.23379789610167073 0.33961891424880086
2 0.8425041363690287 0.842370993207828 0.1982228603878557 0.26866606415651584
2 0.6358635876629796 0.13460285625692303 0.08003414772652384 0.11438147748246603
2 0.66761323052483 0.8249064836471041 0.19515240746575646 0.2715908050572171
2 0.41001019967568847 0.07945907155777146 0.08622960064862309 0.11165699568106335
2 0.49401208929112794 0.8231671036360293 0.1895024253226639 0.30556528685862006
2 0.054356668833137445 0.7256799228866743 0.10871333766627489 0.3013598457733485
2 0.13353823945328375 0.7734746776670361 0.2406479139585782 0.3743944324473983
2 0.7928745089350443 0.9677415191214479 0.22065914772652384 0.06451696175710424
2 0.5556199707855974 0.9459690437984503 0.22740007142762977 0.10806191240309956
2 0.028955474028712968 0.8601154796419344 0.057910948057425936 0.1202309592838688
2 0.2958931525977878 0.07527461443337101 0.10196369480442442 0.11890829117755655
2 0.6881158344165688 0.18800726094499992 0.09297052434972919 0.14018251387966063
2 0.3563124553577313 0.10886716686969453 0.09313416558343128 0.14955751387966063
2 0.9788851103911511 0.287981486729423 0.03601141233702023 0.09595285009228505
2 0.2637976728903272 0.12170952344038459 0.11188416558343128 0.15075906847545245
2 0.36322492857237004 0.16093031461794113 0.08337733603812651 0.12708173658176475
2 0.1514885876629796 0.10356269586563346 0.10875916558343128 0.15055880937615385